10
9 3 1525
9 2 1082
8 1 1646
5 2 1657
7 2 1097
2 2 1918
6 3 1812
3 5 1282
8 3 1082
1 1 1839
500
21494 59207 5887
10572 53379 5150
5075 31602 4947
14222 45687 5385
6801 40038 4274
14191 57356 4792
13973 45262 4953
3197 50730 2733
2300 35593 1686
41803 49396 633
5140 32444 3998
39373 55515 3167
34759 54982 2055
248 36627 5622
47458 55454 359
33103 57495 2836
2403 21185 2641
29602 58390 4258
21391 44949 1092
7712 50939 2568
41054 55134 1562
11375 46757 3973
14283 44604 5059
1992 37806 5866
2801 58481 5398
31838 58870 4617
31786 59670 2140
14347 47848 5942
11408 58599 5481
673 28339 4465
38709 58082 2645
44997 52653 715
813 30858 5752
16798 47059 3875
41558 55150 398
19075 53076 4929
3399 50377 2988
23031 56484 5609
2574 37010 3081
29241 54072 3803
10970 51752 4433
18321 47025 2842
17637 52895 1236
22638 58872 1462
31241 39786 623
31303 50733 3440
17842 45479 1664
26632 47761 2758
20808 53252 4187
6725 40618 4754
452 26969 4264
17597 37336 3640
27291 49920 2440
34940 59552 4639
40978 53428 2226
30738 49752 3482
10272 56872 4269
3849 26538 1603
14844 33587 1235
19373 53046 1038
8312 28438 2437
17140 56778 5102
29518 54809 1357
27199 49707 484
6795 36458 2085
22991 52492 851
1209 53224 5758
17215 50637 1151
51988 57798 828
23342 43913 3271
9665 51181 2024
5459 42694 5170
572 51450 4288
22401 59970 4069
21550 41741 1562
5220 58738 2740
24168 52498 5629
23494 48285 3519
4380 21659 1935
22660 55258 5946
14859 31046 18
20108 57361 3722
11041 55496 4729
18334 44089 3283
8755 59779 5314
6464 22874 828
37219 40823 213
14623 38305 2283
28869 58402 4408
13699 21132 1310
10703 34847 3521
22029 24988 429
17897 54030 5455
11706 51178 5526
16787 32658 1912
6372 48709 1728
13197 48366 1146
21251 48291 3281
6620 46018 5997
45749 53796 1054
22781 57792 1925
32776 53444 2641
13357 41046 817
10233 49743 4864
11864 30684 2823
21240 41637 859
546 40475 3875
17841 47733 5561
54870 59928 687
4700 35490 3603
46241 52950 829
15429 51948 4757
9825 36996 2924
16850 59309 4131
7006 51788 3006
5189 48376 1021
199 58884 2869
9023 14175 514
11535 56919 2762
22888 42881 3776
91 12027 1922
10947 36149 2573
5049 44652 5608
17878 29778 1613
7946 40040 4249
1652 40829 2411
50703 55458 517
30919 57239 4150
46774 53428 72
42291 47507 204
22674 51415 4476
22319 47925 2516
1371 57724 5280
21601 58904 159
723 20098 1307
8636 39383 3248
34125 49430 1694
18555 54981 4744
440 46779 3733
20341 57142 5882
2612 45751 4971
35302 52984 1787
3481 42528 5210
9000 43295 5457
17216 41188 4600
7729 40487 5726
5408 22950 3375
14532 31481 1529
15311 52026 5766
26705 53240 1477
28247 38265 1132
47456 53782 515
27183 58667 2886
32215 48854 2660
42232 54250 1548
17152 59428 5267
5543 44225 3297
28598 38606 439
28 39571 3158
3511 56954 4715
14362 47848 3677
15457 51589 3608
5366 17380 675
34415 59065 1170
32818 53105 4045
7649 43463 5333
13639 57400 1578
10683 43753 3367
7801 37974 5996
11106 48937 3534
8269 35755 4807
8278 57683 4961
10455 57589 4699
21785 46624 2673
31834 59358 2825
7247 47802 3709
20591 52583 3848
17140 57216 5508
7478 30125 2253
10453 18827 1510
27732 59405 5246
370 41662 1401
2993 49796 4733
15343 58015 1945
17039 53302 171
24783 56747 4559
16253 39550 3239
6040 59810 1155
7677 41726 5199
22692 50978 5365
3061 54935 169
6489 38513 1969
4817 59427 2333
24889 50302 515
23406 56701 5685
40594 43572 29
24872 54024 3178
1085 49291 5994
13759 41011 5160
10009 43260 3845
22671 46788 3538
13354 30102 2107
47252 58309 848
1938 54987 438
12123 42004 5365
23876 53608 3929
13243 49460 5804
21842 42971 3310
5822 33422 2144
27828 36016 1388
5819 45613 3714
15901 41648 4383
11682 41894 5067
38827 40698 320
1600 39283 4720
3346 51330 212
23300 36578 1956
19427 43329 4518
17406 54304 1296
35467 44596 967
14920 34139 2704
10961 55697 3956
1885 20401 862
35911 58257 4140
14621 52866 1106
40143 56075 2087
34504 48231 2393
9220 49959 4550
13214 47218 2703
16198 38522 3077
8162 56390 3701
22300 52682 3863
22947 45676 2620
31378 47944 1987
55031 58886 449
54467 57809 553
407 48725 3187
14106 44524 5344
36195 51962 2739
3339 53676 5814
37761 55455 3228
3628 24918 2929
117 52071 1213
27179 54727 3261
27393 56463 5461
15809 34113 3033
11257 51817 5219
12981 54738 1151
24768 42074 3267
37654 59709 1247
11853 15754 395
13862 54552 3881
5929 58082 5502
40802 59283 2981
45054 57385 1241
5583 51893 493
11118 58038 2119
13066 47272 5107
22370 49453 5384
3086 47069 874
20764 35036 1670
6169 43633 5044
31169 38481 1431
19763 37057 2511
52188 59820 833
2802 31461 4743
30890 50397 3224
39413 59751 2496
25329 52001 5265
14924 41652 5023
20437 45847 4031
6760 27939 3450
23791 42514 3612
24329 33116 1238
4267 31601 4509
42061 53007 1678
9157 36593 34
40036 52790 951
19243 49317 5822
10155 37987 5328
38872 55298 873
41606 48923 642
4761 35717 3049
1991 41592 5213
9790 33406 1167
7770 53507 513
15553 51550 5242
26795 45594 3123
1609 21980 1879
34057 57362 2025
31888 56811 1749
21144 57651 4252
2937 36374 5011
24073 59967 4077
21848 57660 3892
22937 37354 96
2639 34592 2651
12908 45235 4519
26239 57815 5367
41438 54833 583
22706 50452 2133
11120 20562 520
17767 55304 2508
10549 46830 5836
15158 44372 2360
12505 54469 1483
4426 37633 3480
1137 47297 5148
10203 20166 625
21402 56207 4638
15363 55512 4056
27973 59203 5604
14353 42820 242
21139 36285 3017
20825 54523 5138
24014 57205 5419
248 44812 163
51718 54473 548
39959 57706 658
26921 50802 3591
10532 31944 3558
18419 49428 2645
21016 33010 989
12525 33541 419
32490 54788 3167
13673 51681 5697
39083 48366 581
27682 58953 4392
41240 50608 1360
33446 59252 1598
900 42988 5715
14666 30995 734
11824 40336 835
34636 57858 1203
22610 52775 2780
16133 47017 3871
20367 53146 5700
12131 30673 3494
12335 58477 5248
11368 59752 2060
815 3546 315
4560 25928 3076
3529 27392 2805
26432 54058 3549
46927 58706 2038
3885 46566 3960
19084 52847 3125
3395 57791 5868
45895 54328 730
7697 53504 5979
38692 58335 1733
5160 41218 1104
5880 46415 3081
17043 56843 2058
9844 34481 3873
16793 49058 2912
30942 47908 2118
21422 50168 4131
21172 55256 4451
8518 49505 4427
15002 49311 3053
21507 48064 5033
27453 54382 4468
30605 56267 5024
40946 53998 679
28105 37300 986
19299 47857 3767
22272 53490 4468
4161 19061 696
15948 53354 3019
2619 31533 4048
20005 54864 5126
27852 46827 112
10658 52714 2495
8301 34349 4201
2358 48493 3505
24781 46740 3917
21068 54882 101
12391 56114 5332
9263 54578 3227
39410 57371 1184
27063 56848 5464
2778 33176 3858
14063 50052 1896
43987 50738 19
10439 49626 3390
28731 56120 5017
48 33953 5868
4135 26647 23
23989 49871 368
7101 32478 4587
16624 39284 4329
29373 57670 2560
39276 48888 1385
10922 42290 4522
12502 59050 5428
16582 59857 5423
22743 49771 3261
8789 37828 3987
10822 44537 3571
4748 54662 5268
3188 46327 4346
24138 54661 4406
3876 55923 4222
7010 59218 5886
11535 41264 3647
18028 35482 2206
12370 43243 4615
36577 57748 1162
268 30349 5734
25 35822 5031
3697 18977 1090
665 17160 2976
11885 40797 5347
12405 35753 3162
14341 58161 5619
26151 41988 34
10459 49920 1682
4799 53413 1950
27040 59922 5567
10486 59380 5126
37382 56527 3319
56843 59382 398
1672 15394 423
7666 36757 3730
1505 28002 5260
6298 49024 1305
3781 55667 5328
26281 41983 2376
23709 44804 1770
9707 40377 5270
22892 55303 5152
3143 14345 1344
38641 59867 2128
18286 48603 4542
18793 47927 4495
31721 57655 579
33612 56253 383
12774 45879 4670
34907 59530 159
4957 48100 5543
11355 47801 4316
18271 51598 636
10799 29862 1056
34728 54940 3352
16119 48862 5071
19132 38805 3517
40783 49288 1591
3319 52423 5771
22581 54873 4651
26879 55824 5086
34816 55341 2050
13757 41955 870
21442 50061 1265
20376 57799 1808
27149 51476 1983
28122 57681 3789
9330 29534 2811
28398 55673 284
10605 47101 3546
3391 52639 3771
6431 39471 3898
17968 55255 4274
26369 50674 3462
883 55048 3684
12281 47465 4162
23139 48124 2257
8710 38724 5208
17621 45544 2175
13709 27482 2752
14480 44686 5100
21555 51326 5297
3146 24272 3163
11706 44481 2717
2434 35193 2246
2660 35152 3594
12065 34491 4399
8946 37053 1586
40822 59499 2877
22306 51752 4162
25292 51167 5043
42048 43292 243
37239 44299 444
35047 54539 1803
5765 38437 5309
13084 32848 3284
21797 33032 2239
55623 58457 253
2031 56439 3982
570 42576 3779
40231 55169 376
43214 48849 1026
21522 40548 1650
20885 56926 5432
11049 57680 5380
46482 59408 1830
15062 54625 2710
26993 55082 5527
25423 59037 5202
10129 45521 3658
11 11 16 13 13 17 13 16 13 17 12 16 12 20 11 16 19 17 19 12 14 20 20 11 19 13 15 11 14 14 20 12 12 11 15 13 11 17 10 13 15 12 16 10 19 12 12 11 15 13 17 17 11 19 17 15 15 13 20 16 11 18 18 10 18 13 19 10 19 12 11 17 17 19 18 11 20 13 10 11 16 11 12 12 20 17 17 10 17 15 11 10 18 18 13 19 12 18 13 15 20 18 13 11 15 14 14 20 13 16 13 18 12 17 13 10 18 12 13 10 12 15 14 19 18 17 14 10 13 11 13 17 12 19 14 14 17 14 12 15 14 12 12 16 20 14 20 12 11 20 20 17 14 20 10 14 10 18 19 19 14 19 13 13 20 17 14 14 13 13 18 11 17 16 14 20 18 16 14 16 14 10 16 13 15 12 13 12 10 17 17 20 10 17 17 13 19 12 10 11 16 17 12 15 11 16 15 14 10 19 15 15 12 12 13 19 10 16 15 13 14 17 15 13 13 11 11 18 15 14 11 10 14 13 10 18 15 20 12 13 14 16 13 18 16 10 20 20 14 11 11 18 17 12 16 13 19 13 16 19 13 10 15 12 14 19 17 17 13 15 19 13 14 10 18 12 16 19 19 16 17 10 18 17 11 15 17 14 10 10 13 16 20 12 18 13 10 11 13 13 13 16 16 11 16 11 19 14 11 13 16 18 18 13 20 14 12 20 17 15 11 19 10 16 14 17 19 15 11 12 16 10 20 13 17 19 18 17 11 16 14 18 14 19 17 10 18 10 16 18 12 15 14 10 17 10 10 12 11 11 13 18 20 16 17 17 14 11 15 15 17 13 12 12 17 17 10 15 12 14 20 12 16 19 18 19 11 17 16 10 20 12 10 20 14 20 19 12 18 16 17 13 16 11 10 13 12 15 16 16 13 18 19 17 18 10 17 20 18 16 19 19 17 11 20 16 18 10 20 17 13 13 15 11 11 18 18 12 11 20 18 12 11 14 20 10 20 10 13 13 15 16 18 11 16 14 14 13 15 10 19 20 15 20 18 11 19 17 17 14 11 17 17 19 17 13 14 16 11 16 17 10 10 15 20 19 12 19 19 18 18 11 17 14 15 16 16 11 10 19
18 10 19 16 13 18 18 17 16 14 14 11 12 12 14 17 13 13 19 20 14 10 11 11 20 19 16 18 19 17 12 10 20 14 20 11 19 14 10 12 20 15 19 13 18 18 12 20 18 16 18 10 15 14 12 15 16 16 12 20 14 19 20 14 13 15 17 14 12 18 19 18 13 14 11 19 18 17 16 12 18 14 12 18 11 17 19 16 15 14 20 13 19 13 19 13 18 20 19 12 11 19 20 11 11 15 16 16 12 13 13 14 14 19 18 16 14 11 11 10 14 14 10 16 19 12 11 11 15 13 17 14 14 18 11 19 20 10 20 14 11 19 16 12 13 15 12 19 18 11 15 10 14 13 10 15 18 20 16 11 20 18 18 16 16 12 16 17 12 11 13 19 11 16 10 16 18 12 14 11 14 10 11 20 12 11 15 20 11 19 10 18 14 18 16 16 13 18 20 17 16 12 12 14 20 19 17 15 13 13 16 12 15 16 16 19 13 18 18 14 16 19 14 11 13 20 15 12 14 18 19 17 11 10 14 10 10 17 13 13 10 14 14 11 11 16 20 13 12 18 10 20 15 20 12 15 15 15 11 20 20 10 12 16 20 11 17 10 14 16 10 18 15 15 10 10 16 14 20 13 10 14 16 13 10 11 17 12 16 13 14 18 18 19 13 16 20 15 18 20 20 20 13 16 13 19 19 12 14 16 16 13 11 18 15 14 13 12 15 16 16 14 19 11 11 16 16 20 11 15 14 16 10 12 11 12 19 16 20 18 15 20 17 19 19 12 16 14 13 15 18 15 11 14 18 20 15 14 15 13 13 14 11 18 13 18 13 13 20 20 10 17 18 15 15 13 20 10 19 19 20 11 13 17 17 13 19 20 17 11 10 18 13 10 17 20 12 19 20 11 13 12 16 10 17 13 13 14 13 18 10 11 14 17 14 19 20 19 16 13 10 20 15 14 18 20 15 19 15 18 10 10 10 14 12 10 12 18 15 14 16 15 15 15 13 17 12 18 20 13 12 14 17 17 14 17 14 11 10 18 13 15 13 14 19 12 12 13 20 20 19 10 12 18 11 19 14 13 16 16 10 20 15 18 13 13 10 13 10 18 11 18 15 12 17 20 13 15 15 15
14 16 18 10 17 12 16 20 14 16 18 15 13 13 11 20 16 15 11 15 20 11 10 13 18 14 16 14 11 11 18 16 20 16 16 13 16 18 18 12 10 15 11 14 16 16 20 11 20 17 12 13 18 18 17 19 16 18 18 17 19 13 16 15 18 12 18 19 12 19 12 11 14 10 17 10 17 17 20 15 13 17 12 11 19 17 19 12 14 16 17 16 18 16 11 15 10 15 18 18 14 13 12 10 20 11 13 11 10 19 18 11 15 17 18 13 16 10 20 15 13 10 10 17 19 16 14 19 10 20 14 12 11 12 14 15 18 17 16 17 11 15 14 12 19 16 11 16 11 10 17 19 17 14 17 10 11 19 17 15 13 20 14 12 19 19 11 17 16 19 16 13 14 18 19 19 20 10 13 20 15 11 11 17 11 20 12 10 20 11 17 13 11 14 17 19 18 11 11 14 15 17 13 10 15 11 13 12 13 12 15 18 20 20 18 18 16 13 12 16 16 20 20 11 12 17 18 14 13 17 18 11 14 20 10 19 10 19 20 12 17 20 13 19 10 12 14 19 15 15 11 16 12 20 20 18 18 13 17 17 15 12 12 15 13 17 16 18 19 18 13 19 13 19 16 11 15 10 20 19 19 17 18 14 13 11 15 18 12 15 11 19 15 14 12 15 17 18 17 13 20 15 16 13 15 17 12 13 17 12 10 19 18 15 16 11 12 14 13 20 18 14 19 16 11 18 18 16 12 10 19 20 20 18 10 12 12 12 15 20 18 17 13 12 17 10 12 17 17 20 20 17 16 11 12 12 19 18 19 11 13 11 10 12 14 13 18 11 16 15 19 11 12 12 10 14 20 18 13 14 14 16 16 15 10 16 10 19 16 15 12 12 10 11 16 20 14 20 13 19 18 12 19 13 18 14 19 11 18 11 11 16 12 19 15 12 20 18 14 12 11 19 10 10 20 20 14 18 16 13 19 10 19 14 12 19 14 19 18 18 19 16 18 16 16 12 18 12 17 16 11 17 13 20 13 13 20 15 13 19 15 14 10 14 18 14 13 15 15 10 14 18 13 13 13 11 17 14 17 16 17 13 18 20 17 15 10 16 19 10 12 10 15 16 18 13 14 20 16 11
20 15 19 17 15 14 10 19 19 17 15 16 13 16 10 12 14 14 15 13 14 14 16 18 19 12 12 17 17 14 20 10 13 19 10 13 13 12 16 20 14 14 20 19 15 14 19 16 14 12 19 15 15 18 17 10 10 16 15 11 18 10 17 16 10 12 16 20 12 19 20 11 11 14 13 13 10 17 11 10 10 16 17 15 14 18 10 14 18 11 13 16 10 10 19 19 18 16 15 16 11 13 17 15 12 20 10 13 10 17 17 13 12 20 19 18 15 15 20 19 17 10 16 18 17 17 20 16 14 20 16 18 19 10 14 17 19 14 13 15 10 18 18 17 10 11 15 15 13 15 13 15 15 12 13 11 13 18 11 14 10 20 17 18 12 14 17 13 18 10 11 15 15 13 14 17 10 20 13 16 19 13 18 19 16 17 19 10 19 16 11 11 17 12 20 20 12 17 14 14 18 17 19 17 18 20 17 15 11 15 13 13 19 10 17 12 17 10 11 20 13 19 13 13 13 19 14 16 20 20 17 12 17 13 16 18 10 18 14 16 10 17 15 15 15 17 11 10 13 17 15 13 10 15 16 16 13 18 19 16 13 18 17 15 16 19 15 18 13 15 15 18 12 20 20 11 14 18 18 16 13 13 11 13 13 14 14 11 10 19 18 17 19 14 18 10 12 16 20 13 18 15 15 10 10 13 15 14 19 20 10 11 12 18 11 16 16 20 18 11 20 19 16 10 18 11 11 11 15 10 13 14 12 11 17 11 14 10 16 17 19 16 18 12 14 18 18 14 20 20 13 12 18 17 14 12 14 20 12 19 19 14 19 11 20 16 14 20 13 13 11 16 10 16 11 13 12 19 11 14 17 12 15 20 20 20 15 18 19 16 17 10 14 12 16 16 19 19 18 14 11 15 16 15 14 14 19 19 12 20 18 20 12 14 13 11 18 12 11 13 10 15 14 12 12 13 17 12 12 13 12 14 16 10 19 15 10 17 13 19 19 13 17 12 20 20 15 16 13 18 14 16 13 10 13 19 17 10 20 16 17 10 12 13 18 19 14 11 15 10 11 17 20 13 16 18 15 12 19 20 20 16 10 13 17 14 13 19 17 19 15 20 17 12 20 12 12 16 20 16
17 12 14 15 16 11 12 10 10 19 10 19 19 10 17 11 16 12 12 16 14 20 12 15 12 17 13 20 12 15 16 14 14 10 15 17 13 20 13 19 13 16 11 18 18 19 12 18 14 14 19 16 17 15 11 10 16 12 12 14 11 17 10 12 11 15 20 18 17 19 17 13 15 19 15 14 13 15 10 19 14 12 19 20 16 15 16 18 12 12 13 17 18 19 16 18 19 13 18 17 14 20 16 13 10 14 11 13 15 18 19 11 17 15 19 15 20 13 14 19 13 11 12 20 16 20 12 12 13 18 19 19 19 16 17 12 11 14 13 14 13 10 16 13 12 14 10 20 18 13 13 15 14 14 16 20 20 12 11 16 16 11 11 10 14 15 17 17 20 16 13 11 12 12 12 15 18 13 13 10 11 16 15 16 17 11 20 13 14 11 11 19 20 20 14 12 15 20 11 18 14 17 10 20 20 16 20 10 11 18 20 10 17 17 14 16 13 19 13 10 16 14 20 11 13 19 17 19 17 19 13 20 20 14 17 17 19 14 19 16 15 13 20 17 15 20 19 13 19 12 19 17 15 18 14 11 20 19 19 14 14 12 12 15 13 14 19 12 17 11 14 14 17 15 15 19 19 14 19 13 20 10 16 12 17 15 11 17 16 19 18 15 19 16 20 12 12 16 10 18 20 12 17 20 16 18 18 13 16 15 14 12 20 12 13 19 11 10 14 12 13 18 13 18 18 10 16 16 17 14 19 12 18 18 13 10 10 13 15 14 11 18 18 13 12 20 14 16 13 16 12 15 15 13 17 10 14 17 13 18 18 17 14 19 14 20 18 19 18 15 12 16 11 18 11 20 10 14 20 10 18 20 12 11 11 19 16 10 16 20 16 15 11 20 20 14 16 16 11 11 16 12 10 12 19 19 20 16 12 19 18 20 20 17 20 18 20 19 14 16 13 11 11 10 11 12 18 18 16 16 17 10 19 15 14 16 17 10 15 11 14 18 14 15 12 12 20 20 10 10 10 18 19 16 11 20 11 20 20 10 18 10 20 18 20 14 14 14 18 18 10 12 13 13 18 20 17 12 20 15 16 19 15 10 19 16 20 17 17 17 11 18 10 14 18 14 20 12 18 13
11 14 15 11 12 10 10 16 17 19 16 19 17 19 12 16 17 12 10 15 18 12 20 11 18 11 12 12 17 12 10 14 18 14 10 11 16 13 17 13 14 14 20 13 17 13 14 20 13 10 14 10 11 11 19 20 18 14 12 18 20 10 14 19 11 18 11 12 16 13 19 14 20 12 11 14 20 10 11 20 16 11 14 11 17 17 15 17 16 10 17 17 18 18 10 14 12 14 20 12 20 11 14 14 16 14 12 13 14 19 18 13 15 11 13 18 14 14 11 16 19 10 10 16 18 13 10 16 14 15 13 13 13 13 15 20 20 12 18 15 14 13 14 17 16 17 11 18 19 10 13 17 14 12 16 14 19 15 20 17 14 14 11 17 19 13 14 13 19 12 20 12 18 13 15 10 15 19 10 18 12 17 19 20 12 19 10 10 15 14 16 16 18 15 10 17 14 16 16 12 18 19 13 15 20 17 20 17 11 10 14 12 20 13 16 19 16 12 19 10 15 19 12 18 20 10 11 15 15 14 19 20 15 11 19 19 17 15 20 13 19 10 17 19 13 10 15 16 10 10 16 16 18 15 16 11 10 10 14 16 18 10 14 17 12 20 14 19 14 14 14 18 16 10 12 20 11 13 19 12 13 15 17 19 14 15 16 11 14 11 13 14 14 12 18 14 10 13 13 12 13 18 19 10 10 20 13 17 20 12 19 10 19 16 18 16 18 15 12 12 19 20 15 15 19 20 16 16 19 14 14 10 13 11 19 18 19 14 18 16 14 16 12 13 11 12 16 11 19 15 20 18 18 14 13 11 12 12 19 19 12 14 15 14 18 10 18 10 20 16 17 15 10 14 20 14 17 11 20 19 13 12 17 17 18 12 19 20 12 11 20 18 16 20 14 11 17 18 20 10 19 13 19 16 17 18 16 10 16 19 17 15 20 20 11 10 19 18 18 17 10 16 15 11 11 19 17 14 11 10 17 13 16 19 17 11 15 17 13 12 12 12 20 19 17 11 13 13 17 15 20 12 16 15 13 12 15 19 12 11 20 20 18 17 17 11 19 10 10 15 18 14 20 16 12 15 18 18 15 15 17 14 15 14 17 14 11 20 14 20 15 10 11 11 17 19 11 17 16 19
14 16 17 11 15 15 17 10 14 19 14 16 20 16 14 19 13 12 20 20 14 18 18 18 17 16 18 16 19 10 18 10 11 16 10 17 12 10 11 14 15 10 16 10 14 20 16 11 14 17 11 17 14 17 19 19 11 14 17 16 13 17 18 14 10 18 20 12 15 14 15 13 15 17 13 15 13 13 17 11 17 14 15 10 16 16 13 19 12 12 12 14 14 18 20 13 19 12 20 16 15 10 14 20 14 13 16 20 18 18 19 14 10 19 15 12 13 10 11 10 17 16 12 11 15 10 14 19 18 15 15 16 15 16 14 18 15 13 14 14 10 20 15 13 15 15 19 18 19 19 14 13 15 13 20 20 18 14 13 10 12 13 18 20 13 15 10 18 15 13 18 16 15 10 14 15 18 13 11 17 13 15 10 16 16 10 20 16 14 11 16 15 10 12 10 20 17 18 17 19 11 16 12 18 13 12 16 14 15 12 15 15 12 11 10 11 17 13 15 11 10 13 18 16 20 12 11 13 10 12 20 18 12 11 10 19 12 19 10 19 18 11 10 10 17 10 15 16 17 17 12 15 12 20 17 20 18 17 16 19 20 12 13 16 13 12 17 16 17 17 10 10 20 15 18 10 16 14 19 13 13 14 12 11 15 19 18 17 20 16 20 16 10 17 13 15 13 10 15 13 11 18 10 10 11 10 18 19 19 13 10 12 20 19 12 10 17 16 15 12 11 11 16 10 18 11 15 16 14 16 10 10 15 11 11 20 14 17 17 17 20 17 16 15 20 15 12 15 18 14 11 11 13 15 13 19 17 15 15 14 18 18 16 12 19 17 20 15 14 15 15 18 18 18 12 18 15 14 13 13 13 13 15 12 19 17 11 11 18 15 10 19 11 18 14 13 16 11 12 15 17 19 18 11 15 19 15 18 15 13 12 17 16 11 17 15 17 18 15 14 15 16 19 14 16 12 15 19 16 13 17 16 17 19 17 19 11 13 13 16 11 16 13 14 20 19 15 19 13 14 16 18 11 19 13 14 11 18 15 19 17 17 16 12 15 11 12 17 14 20 14 19 17 10 12 16 16 12 20 20 14 19 10 20 17 12 16 15 19 17 12 19 11 13 12 19 12 11 14 10
10 15 20 20 10 16 16 10 16 19 10 19 11 13 18 20 15 11 10 10 12 12 14 15 19 11 10 17 13 16 13 12 20 17 18 16 12 18 20 20 12 19 11 15 11 14 13 16 19 17 13 13 10 20 17 11 20 16 17 17 17 15 17 13 20 19 20 13 18 14 14 16 10 11 16 13 12 20 18 12 11 14 20 14 18 17 12 18 19 19 16 12 20 11 11 15 19 18 13 18 12 19 18 16 11 13 16 15 19 10 14 19 16 17 20 14 11 13 16 15 10 19 16 20 19 14 14 11 15 11 14 12 16 12 12 17 15 15 18 13 18 17 17 19 12 12 15 11 19 16 11 19 12 11 13 15 10 15 11 17 11 15 14 18 12 20 18 16 19 12 10 19 17 11 20 13 12 11 19 18 12 10 19 20 10 10 15 16 15 10 16 20 17 10 18 12 16 17 18 20 13 20 13 17 15 17 15 20 17 12 12 16 12 13 16 16 16 10 11 17 12 19 14 14 17 20 11 11 20 17 19 13 13 14 20 16 16 20 19 13 18 18 19 19 11 20 14 13 17 18 11 19 11 17 12 14 16 17 12 20 18 17 20 14 14 18 13 17 10 14 19 16 14 20 19 19 17 12 19 18 19 10 16 19 11 13 10 16 19 11 18 14 20 10 10 18 14 20 19 16 20 19 17 18 11 13 13 17 13 17 15 14 20 18 18 17 12 18 15 11 20 15 15 11 13 11 13 14 14 17 10 19 14 10 11 11 18 10 14 16 17 18 11 13 16 17 14 11 20 14 19 20 19 17 18 11 13 14 11 15 17 13 10 20 20 15 14 14 10 18 17 13 16 16 12 20 14 12 16 11 14 20 16 11 18 13 20 13 18 10 10 13 18 12 10 12 16 13 18 17 11 13 10 19 12 13 14 11 16 13 13 11 14 13 15 15 15 15 12 15 18 19 18 19 15 11 12 15 14 18 13 20 11 15 15 11 19 16 18 14 16 16 19 14 20 13 18 19 13 18 13 14 16 20 11 20 17 19 16 12 12 16 17 14 20 19 18 12 16 18 13 12 16 15 12 18 11 17 18 16 16 20 14 10 15 20 12 19 17 20 13 12 18 20 15 10 12 17 20 10
11 10 14 18 13 11 10 20 16 18 11 10 14 18 12 10 18 17 17 20 16 10 15 13 17 17 11 10 16 16 12 13 13 10 17 18 18 20 16 11 20 13 18 15 13 17 19 16 17 15 20 20 20 13 16 18 14 19 20 15 14 12 15 16 16 12 19 13 13 13 12 19 20 13 16 20 12 13 17 16 15 15 11 11 14 10 15 16 15 15 12 13 20 11 19 20 12 16 12 18 12 15 18 14 18 13 18 14 11 17 15 15 11 19 10 16 13 19 16 20 11 11 12 11 14 16 12 18 17 12 11 15 11 10 15 20 18 20 19 20 19 18 13 20 12 18 16 16 16 18 16 11 14 19 16 11 14 17 14 20 11 16 12 14 19 10 14 10 19 10 15 11 18 14 15 16 18 15 13 19 16 18 12 14 14 14 10 17 20 19 19 18 13 13 17 13 12 19 15 11 19 20 10 16 10 12 14 11 15 15 12 10 15 12 19 10 19 17 12 13 10 10 12 11 18 20 13 15 12 17 11 11 12 14 16 14 15 13 11 10 20 10 12 20 18 18 20 18 10 19 10 20 10 13 12 12 15 14 13 20 13 20 15 18 10 15 14 10 14 19 14 18 17 14 16 20 17 20 15 17 17 14 11 10 15 16 20 19 11 17 14 13 10 10 10 18 14 17 20 15 13 14 19 11 20 11 14 18 10 16 10 14 13 20 17 16 10 20 18 10 17 15 14 12 19 20 20 15 12 12 18 20 18 17 15 16 20 19 17 14 11 10 11 14 16 15 10 18 11 10 16 14 10 10 12 14 12 13 12 13 16 12 19 18 17 20 11 11 16 15 18 19 13 20 19 18 11 16 20 16 20 17 18 10 16 16 13 13 11 13 20 19 13 19 12 12 11 19 15 13 19 17 11 10 19 20 14 14 13 16 18 14 18 17 10 11 12 19 12 11 16 20 14 17 11 15 15 17 17 12 10 15 13 16 16 17 10 12 18 18 16 15 19 10 12 18 12 20 18 17 13 16 13 18 10 16 20 20 17 16 13 10 12 20 20 20 17 13 14 15 16 16 15 20 13 17 19 17 19 19 14 14 10 17 19 13 10 14 17 11 12 11 11 14 12 18 15 19 19 11
10 20 13 20 17 15 20 12 17 14 17 10 15 14 19 12 16 17 20 10 20 12 14 12 15 13 16 14 19 16 18 13 20 11 16 13 17 16 13 12 14 16 13 19 20 20 17 14 16 20 12 12 10 19 12 11 14 11 16 11 10 10 16 16 11 10 13 19 20 17 10 16 14 17 18 17 17 16 16 10 15 13 11 17 12 11 14 20 19 13 13 10 20 18 10 10 12 12 10 18 19 14 15 11 20 20 19 12 17 18 11 17 18 10 14 14 18 13 17 18 11 13 12 15 10 13 16 20 16 20 18 14 13 18 15 18 10 12 16 20 20 14 14 10 16 10 12 18 10 13 16 15 14 10 10 20 10 20 19 13 11 18 15 14 12 16 17 18 16 11 14 11 14 16 16 19 15 18 19 14 10 20 20 12 19 18 14 15 17 13 10 10 10 17 18 10 11 19 11 13 14 19 18 12 12 18 19 15 14 15 12 18 19 15 16 10 16 19 15 20 17 17 12 11 17 15 10 10 16 19 11 12 11 13 16 15 13 13 14 13 20 17 10 19 10 14 20 20 13 11 19 17 12 18 17 19 11 16 11 16 20 11 14 16 13 15 10 13 15 13 18 19 18 16 13 12 13 16 20 19 12 12 19 20 13 17 12 14 10 10 13 19 10 15 20 19 16 11 16 13 14 12 18 19 12 15 20 11 12 10 16 18 10 15 11 17 16 16 17 20 18 16 15 11 14 13 11 16 18 11 20 18 12 15 15 18 13 12 11 17 14 14 12 20 13 17 18 12 17 11 10 17 15 19 18 12 16 14 15 13 14 11 18 17 13 17 11 15 20 17 17 19 10 11 11 15 15 13 18 16 19 18 15 15 16 17 20 15 11 16 19 10 17 17 12 20 10 12 18 20 15 10 19 10 15 13 16 15 13 12 20 20 11 15 20 14 20 19 11 10 15 18 15 13 13 18 10 10 16 13 20 12 17 15 20 11 15 20 10 15 10 17 15 20 11 15 18 10 15 14 14 15 20 18 10 16 12 15 13 18 11 10 17 18 13 16 11 10 14 18 16 14 12 18 14 19 15 11 10 20 12 11 14 13 12 16 18 12 18 13 14 15 16 19 11 17 12 10 12 14
20 200
