1
1 1 1606
500
12269 48375 5376
1155 51776 5830
11267 43647 4548
23552 45420 2007
8487 59240 5112
27672 52762 4940
18331 38606 2917
15195 46215 4541
24738 56265 731
55151 56810 226
15420 33897 2969
15782 45770 2582
5359 42686 5354
39523 52740 782
37351 56795 1733
25094 54847 5415
5577 46862 2975
6357 49226 2463
22920 38804 1778
16615 48295 4579
13243 37249 3425
16972 50072 5643
14433 57351 2199
32124 55624 2045
10746 40586 1426
9021 36595 3813
26507 36015 393
3429 24244 1409
12533 52406 3930
1987 29001 2811
19965 47437 4481
30807 55236 712
6823 45522 2075
6605 14327 1307
30518 59798 4396
6556 41161 5391
14394 55103 5357
9735 58154 5113
13119 44986 1206
20701 35427 1356
10650 47576 2976
24328 42195 2779
16353 40319 3771
24113 45081 1377
39747 58668 2662
22774 55942 2279
11760 55044 5031
33359 58157 3590
46412 59831 1659
32014 43986 1363
7434 45783 4875
5810 42246 2146
36251 51142 2496
31441 58730 3886
28277 42910 1161
13992 59336 701
23105 52539 3572
43080 46464 260
22502 53199 5209
9190 57057 5179
31720 50007 2498
33090 48056 1437
11674 48641 5380
21998 27294 133
31879 53866 2477
5170 20284 2255
36010 57152 2728
8671 52516 4383
14059 48030 3543
1590 26454 2851
27227 50915 4151
11547 38293 2468
17733 52689 5345
20088 43705 1868
12158 51518 5279
24289 50671 4809
1211 22460 3179
10511 39739 4290
18071 28794 504
38090 59694 1997
58544 59769 180
9654 26502 1430
33494 58372 3506
26410 53493 1072
6799 37880 5249
12573 49588 4523
34172 52690 3670
25629 44929 95
10167 55203 1660
4571 58202 3414
3893 57605 4440
37336 53690 1505
12470 54329 2662
2670 45928 458
1589 43044 499
13861 55025 4016
33029 59488 2608
23173 59245 4028
38917 48557 1531
1949 23000 1710
24861 59686 3055
31058 46783 2493
48994 55869 1237
20186 29204 8
5849 34092 3045
28825 53005 235
6674 26434 2338
3616 38578 1513
19948 46035 2990
23926 57034 3435
24584 51458 345
6367 30387 3325
2584 45698 4722
43965 50240 1098
17121 48607 5344
18855 50659 5957
47697 58695 1378
48322 57176 1317
39223 58984 2776
12175 57912 5709
22481 53304 2081
27613 52995 4278
45914 56421 1110
10037 30018 3205
32009 52538 3854
7851 38119 5883
29718 55582 1225
22585 52543 3921
8816 11035 236
8070 40928 890
56933 59813 270
23104 48259 1484
20382 26253 511
10233 29794 2544
31394 55590 4372
9467 39722 4584
6788 44110 1810
22460 56821 2932
23455 51812 4278
13249 46260 59
20664 44372 4514
8253 42112 1222
11075 59162 3187
15307 59616 3287
13269 58531 3869
11284 37847 4828
8976 51231 4430
38910 59824 1969
22456 59798 3431
19696 39307 1793
14089 51432 5394
1035 10736 714
13491 37071 3072
20777 54205 1624
26595 41977 717
4560 55584 4240
8268 26494 3601
19283 53683 371
45746 56091 1482
32070 59029 2938
33471 58043 3401
27885 53360 3995
26501 53469 351
38766 55648 237
5918 38866 1587
3803 33920 3281
20937 59431 5668
37408 50273 1931
10622 56849 375
26177 59752 5112
35211 47245 1910
2002 48952 1133
15064 57748 2563
5663 30038 2341
2615 51206 4605
10783 21168 34
48138 54748 1183
2984 54158 5816
8947 22110 1452
8857 56849 5696
41760 53509 1274
2246 32424 3005
26623 55816 5284
24269 57984 5353
7687 45688 4781
9387 41626 2317
16347 41337 3760
23254 54990 1175
3150 33734 4900
25385 43187 1676
33415 48762 2809
24131 52207 5181
20022 37960 1736
25503 43546 2327
32756 57391 4692
5802 37366 3476
26677 52350 2982
6294 53770 4214
2829 21233 1553
12512 42988 2061
21458 54568 1184
1573 32202 4931
13524 56733 5869
18525 51447 1675
32124 55036 2331
18726 59789 2131
28152 58846 5846
4369 22815 3225
31958 59429 2024
24728 57570 5213
18509 34050 2131
13624 40630 4612
24558 56793 5276
12162 53472 537
31342 49713 2537
12366 57016 728
16740 58038 5200
48980 57120 1552
4874 33763 1524
6418 40608 4803
3084 58387 4850
572 38032 2009
15197 46680 5944
22089 56427 5316
37943 55222 705
11978 58815 5892
5744 42948 5803
5870 59892 1841
40711 59830 2628
14240 37704 3336
16682 50059 4598
33423 51428 2960
27696 56879 2688
25790 42535 2309
9960 50643 4678
13378 51328 5365
7400 47923 3455
2222 14184 1771
4948 37964 5357
20208 47678 3450
38851 41217 230
30440 40215 1239
9837 50462 5070
20179 53327 1657
25260 44470 2979
974 38145 5328
53757 58889 423
3387 59495 3626
17800 52587 5044
4265 59831 4745
11060 46992 2325
37682 49467 1590
20244 49472 3802
15980 51583 4578
37824 58554 1797
10483 48575 5361
14716 42305 3767
3961 33429 5818
5678 36180 2230
7255 32587 4030
2934 34215 967
10738 45549 677
18238 38716 2996
8051 50692 5623
19760 59922 2949
40405 59939 2818
609 48595 5772
17387 53297 4795
10869 57396 3334
21369 48773 3733
4062 32219 5190
24758 43492 2316
11810 50700 1704
30176 53680 3542
51237 59270 1237
34434 52053 2771
19105 29587 161
29363 57310 4788
3944 36460 5213
10240 47124 3085
2755 27557 2721
19666 44165 2261
3152 59943 4408
5934 24537 3365
7367 45392 3194
45812 59197 1492
43244 59043 250
11072 55288 4281
8667 50075 3197
3401 34680 1982
18043 52891 1841
9360 32475 3601
14753 59115 2016
19824 39087 1053
34079 46490 2006
27279 50672 3372
38953 53476 1214
18511 56792 3968
13128 43848 4566
31132 51490 3394
7182 21837 496
1031 23369 1918
36060 59171 4304
25685 54145 5355
4386 59005 2150
5919 52126 5182
9191 43640 1298
3672 25951 3581
16573 47027 4106
6883 50262 4912
37636 47493 1443
19746 54202 563
11389 51323 5640
21278 47677 2939
28112 48038 2018
31421 46415 929
76 23075 3948
648 36013 2070
107 42820 237
8007 46957 4831
2710 55952 1062
14214 35733 2070
43526 52086 1239
11666 45854 1555
17366 46727 4777
13970 42151 2439
67 18297 2157
15358 51918 2341
23304 40281 2988
5419 50534 3930
6210 50741 5338
3218 57927 489
5618 34595 5498
8181 45336 5215
33552 57060 3131
15207 26112 1181
5460 15949 1503
47507 52747 161
163 43644 5219
6419 51525 4265
19651 59883 5272
31584 59599 3996
7364 40000 4138
8828 52532 5747
18 32390 5989
12503 58570 5919
16421 43627 4378
14182 45037 1299
8374 11133 409
45013 58627 2720
17760 45274 1948
20008 56571 3398
22655 51868 3745
23598 52766 4133
19607 21984 224
7259 43236 5430
7413 57422 5386
9493 49334 1111
16582 51608 5753
15671 53580 904
42739 52904 2004
48046 59787 2114
36700 57716 2281
16712 49290 4015
31692 43436 663
14602 24765 1970
14612 30558 736
17635 58452 4152
47314 57309 1514
1449 17142 2869
4950 47122 2978
8888 56492 5656
20186 51405 5377
25719 49861 4582
55665 59212 409
24680 57060 4742
29783 56629 2196
5651 49250 5670
7654 54929 5185
33671 56067 2818
7461 25400 2695
18271 48966 5733
9266 52733 4753
25403 56060 1369
3044 24799 339
21299 47263 3199
45356 52805 1267
29435 36408 500
24768 58204 5844
34949 37647 84
8382 30865 4145
7294 37204 5623
19206 41520 1669
27884 47180 3116
15785 38653 4171
18151 58002 812
10888 36445 832
32075 59699 2910
11085 43671 1651
31802 59131 3441
6132 37635 4562
19683 30013 724
36820 56528 882
4943 41694 5248
417 52233 2224
15727 54177 3300
15734 32130 1748
4455 55178 3765
6748 34194 4594
204 33488 5802
15357 58601 174
24787 42634 2538
271 34725 4304
18079 43806 5012
36963 59572 1436
16879 58348 5716
28961 33269 150
16188 33676 3028
23305 42615 259
37596 43716 976
50084 57995 811
40521 53790 1578
22629 53356 4113
37136 40235 523
37996 57099 2179
33341 56826 4674
39649 58039 3089
35976 54835 2225
21114 58772 1930
16578 57012 3780
26368 53658 201
35604 57683 2706
2092 32785 5250
11687 38207 3885
5158 42071 659
45096 59989 914
23451 49422 1874
36524 58021 3122
19928 23527 599
35705 57704 2081
15560 56610 5542
3076 47034 4447
27458 55753 1890
38522 41406 465
29497 49321 1992
9670 12923 318
47249 50218 459
2360 45934 344
9890 59522 17
26111 48098 2142
24891 44343 3461
1271 45607 5560
18391 53489 3252
4028 21932 3040
17783 42161 2815
3454 47450 3131
30823 57807 695
14058 52048 3543
11893 45576 3984
3821 28501 3110
30936 48202 3313
2798 44801 3463
32697 59936 2715
39534 53646 2164
23305 55188 5073
27914 55570 1068
40720 55900 2978
6327 52007 1252
38093 50034 98
33836 48205 2402
25724 42689 62
10397 44981 5139
17133 47981 5540
34597 58176 2544
5716 58642 4422
4628 32227 3387
906 25672 1742
47986 52563 268
14076 52365 2890
27966 59322 1483
19885 45133 1773
12206 57919 2977
8875 58480 3841
24964 52511 5276
13844 54411 3012
4925 29899 4553
35735 55496 1111
17109 44406 944
1012 27267 3640
25196 41773 3057
20608 41749 4190
14157 54978 4133
6353 29340 2755
15672 53257 4021
3301 54376 976
35574 59380 233
4079 49734 3499
4605 55753 3910
7089 33773 4410
33360 58909 3208
20 12 13 14 14 16 10 16 19 18 10 18 10 11 17 13 14 18 12 11 15 11 16 15 17 18 13 16 17 12 15 13 16 17 13 13 15 18 14 16 17 14 12 13 17 19 16 16 19 11 10 15 17 11 17 17 11 11 13 13 14 19 19 10 19 14 14 20 11 10 10 15 11 20 17 17 11 10 20 19 12 11 17 16 13 19 10 10 20 19 18 17 17 11 11 14 20 10 10 17 13 13 19 10 19 18 14 12 11 17 13 13 13 15 18 12 12 12 11 18 15 13 11 20 19 20 15 15 15 16 18 17 13 16 10 20 15 17 16 11 15 11 12 20 14 18 11 15 17 18 14 13 12 12 11 17 19 17 16 16 11 17 12 18 19 12 12 15 13 20 18 18 19 20 11 11 10 18 11 17 20 13 12 17 14 13 17 15 12 19 12 11 17 12 16 17 18 15 19 11 14 16 12 19 16 20 12 17 13 17 19 17 16 17 13 15 18 19 17 20 13 10 16 20 14 12 15 11 10 14 15 15 14 13 12 19 17 15 16 18 10 19 20 15 15 20 16 10 14 11 19 16 12 20 14 16 19 20 19 11 16 20 17 16 14 20 10 20 11 16 18 12 14 17 11 16 10 18 16 20 14 15 19 14 13 11 14 17 15 12 18 15 12 19 14 15 15 18 19 16 12 20 16 10 15 17 11 17 20 20 18 12 15 13 19 13 11 13 18 20 11 10 16 14 10 13 10 11 15 16 12 19 10 20 19 18 17 17 12 13 17 16 19 20 13 19 18 18 16 15 11 16 11 14 11 14 20 15 20 18 20 20 19 13 12 11 18 20 14 18 17 15 16 12 12 17 20 17 14 10 20 20 17 15 11 15 16 16 18 11 17 15 10 18 11 10 13 15 14 16 10 11 19 18 20 16 15 17 18 12 13 15 15 19 15 10 15 19 14 19 13 14 15 12 11 17 17 11 11 20 12 11 19 17 17 15 16 18 20 18 14 10 10 16 19 18 19 16 10 13 20 20 16 12 18 16 10 16 11 20 19 18 16 14 20 15 10 11 19 16 10 13 16 17 18 14 20 10 10 20 18 18 12 11 15 14 10 17 17 16 17 13 15 10 14 12 12 17 12 18
20 200
