1
1 1 1588
500
13162 35682 4198
3219 25475 1439
14378 37866 4086
12880 29114 1687
5868 33389 4196
13831 30888 3359
2237 29581 4454
16641 34855 1486
22227 35454 2237
18118 32565 2391
3969 25339 3772
14223 37760 1098
14698 38403 4498
11612 25704 2515
10394 31265 2467
32785 39960 1428
12739 39396 5171
10006 33747 4668
16811 36141 3296
10220 34186 4701
30920 39675 1432
22523 38736 861
1123 25123 2572
14078 20311 69
17216 34203 849
9741 30134 527
4199 10480 789
4071 37552 5839
25605 39522 2652
5940 34262 4467
25427 39689 2849
8693 26010 1759
15837 27612 1046
14619 26086 2206
785 36654 3479
562 30758 5447
720 9717 1514
24314 39887 2649
23845 37823 2134
1707 28565 3555
10398 36393 5088
13321 24560 1630
886 28952 2362
10492 35774 4446
6011 21030 2514
23600 39993 3119
17978 37697 3773
1581 35591 1219
13286 28707 2293
11912 38916 3309
18129 39177 3231
5462 38798 5144
3591 29561 3954
39256 39969 121
2515 26751 2213
3725 15922 1259
13161 37897 1314
1543 7235 635
16363 34260 2002
17931 35207 2957
3645 33483 5917
898 31766 5430
10969 38984 5520
9716 36964 4609
26298 36017 669
2408 31160 5002
10038 39997 1489
10593 32901 2966
626 39607 4833
12874 37116 4240
7629 30128 4017
312 32997 5815
21816 31902 1016
3099 31403 5090
18235 38324 3079
12462 39971 5427
5757 35591 4699
5360 13327 1395
4640 32285 5399
885 34534 5853
830 37624 2007
1678 37444 5084
15536 37008 1655
17146 39395 3699
9683 39628 5423
12997 35234 2291
30339 39526 591
390 33523 5251
1249 22589 4102
16902 34101 3125
3295 32151 4613
8932 35408 4086
6356 35686 5323
34344 39998 1127
29151 37261 1503
5988 24317 3218
28465 37250 507
4976 28840 3824
19542 26205 975
937 33927 247
29132 38817 548
31443 35204 609
10600 39309 5655
18425 34424 3138
35039 39477 871
14895 37469 3729
11171 38986 5434
16028 33200 1967
5693 23602 1959
8688 39585 5345
2731 26420 1295
7377 36690 5401
22915 39893 3201
3156 31498 5332
12537 38391 4949
255 28633 5142
2046 34193 4997
11155 28970 2254
3428 31238 3090
6419 37882 5434
13003 36453 4615
1888 28996 3000
17132 39924 4488
14171 37218 4319
27676 34118 1007
15457 37308 3839
7664 33406 3712
10240 37964 4343
20023 34794 1038
11141 39996 5448
16472 20658 154
1542 31357 3788
113 34994 4742
19049 39765 4036
8448 37315 5472
25801 39579 2426
16649 39691 3537
6180 34380 3736
6537 31428 4629
10916 34421 492
25264 31040 845
4890 38059 5760
17930 34664 3040
15349 34791 2869
16326 37708 1981
22081 35910 2737
15322 34336 395
7091 30191 2436
8262 36330 4962
4876 36345 5221
3590 35846 4683
13826 34885 2428
26617 39898 2608
5953 37706 4645
7397 39253 3658
6284 39881 4747
11361 39940 5483
22356 32479 1096
22151 36781 2310
17536 32079 2378
16294 21345 181
11304 39020 5406
15924 22535 1306
6581 33202 4868
6159 24128 3560
7967 23213 1446
21717 38150 2557
11671 39151 5145
14688 38447 2436
3176 35122 5707
3766 32995 5576
33097 39073 514
10136 34441 4284
4112 26864 4365
2581 14388 1280
7204 38536 5967
9363 35404 4294
14191 38458 4436
14945 36477 2352
5385 37470 5636
4993 28476 3990
12445 38313 4836
3420 26612 4624
5003 35671 4951
26030 33529 728
4349 36413 5358
18003 33525 2099
8445 35877 1421
2794 14192 1344
15814 37920 1444
8493 38231 5086
235 29202 4557
16491 39594 4590
28581 35225 794
2730 31791 5668
11665 32088 2441
5521 22432 1182
6941 36522 3110
25939 39054 2090
8655 30236 3539
8965 22091 1611
8474 31511 4225
3587 27828 1609
15580 36582 3798
973 18823 2184
7405 35642 1726
27086 39918 2494
10110 33462 3932
8860 36280 1247
9248 35277 5189
22637 25799 422
5841 22031 1677
7293 36226 5550
7267 26000 993
23975 35723 2332
1985 18270 1901
2390 27628 2535
322 38435 4759
3912 35332 5944
18240 38970 1359
24480 35910 922
12878 39999 5395
14018 35207 2980
24217 34681 1984
13933 28377 1721
12255 38108 5003
3616 37322 4280
16000 34895 3287
1811 10726 1303
16267 35448 1838
15760 39372 4704
1906 34111 4892
3313 18879 2343
1365 28167 4710
14217 31630 129
1059 37307 4889
323 34726 5204
27619 39937 829
2973 35848 5607
21404 34749 2242
10011 27825 2037
104 34136 3879
7810 27519 2791
8592 29847 3798
13771 33585 613
13978 28307 2588
9854 33439 4382
1722 33665 5460
21404 39880 3604
1179 38185 5436
2137 26821 4318
17679 38681 3278
16494 36362 412
3218 26660 4559
26887 38581 2322
15649 27124 1549
577 37425 1510
13050 39037 4710
23441 31252 1179
14978 38782 4722
4643 39687 5940
1053 36351 5187
10768 38017 5391
20814 39741 3686
7020 39422 4956
13462 15817 18
22348 37972 2727
10782 39374 5590
32476 37754 667
17084 35125 218
15874 39924 4437
7307 26838 14
3008 39107 3610
5277 28266 3503
33347 38970 1050
2523 34570 5131
10203 39857 5895
9678 25878 1941
25722 28931 31
4809 25484 2869
23877 36984 1800
8298 30365 4167
7281 12137 323
15461 23141 1148
17907 39116 3552
7087 37349 5602
8417 34115 97
854 38809 4961
4542 31532 4760
4583 33301 5666
27509 30731 251
19522 37585 2999
17349 39647 4302
5074 19595 2077
6761 16625 700
19268 36203 2642
11795 39724 5506
6726 39646 4534
7633 39602 5178
15305 38367 3603
8809 33710 1390
30876 35955 582
18747 39866 125
92 37981 5875
5974 32205 5193
4478 38802 2406
5893 34391 1388
25921 36345 1549
7983 37318 2808
10809 34348 3510
35712 38231 305
6735 33098 4629
26743 39022 2019
19873 39142 2149
11872 23843 1967
4289 22181 3424
18780 34418 3127
20470 22057 234
5353 33247 4719
7604 34562 5354
12214 21931 1547
24164 31069 736
16939 38408 2347
6835 29006 3256
11867 39691 4098
1922 21208 2165
1585 31065 5030
3494 25735 932
20627 39608 3550
34933 38955 669
17667 37212 207
9173 37739 5660
10621 37530 4350
27124 30302 235
19899 33254 226
5722 35487 5134
2701 30235 4843
8855 38759 3194
10142 38892 5672
32061 37256 870
13821 34949 1875
959 17206 1541
1544 31314 3297
884 38554 5734
23133 33993 1633
21321 37479 2864
14298 34670 3508
5732 18038 95
7415 9307 288
6786 33026 3789
6176 34763 1313
25949 33960 1520
7029 20291 1744
11936 38261 4301
4434 30949 2332
16506 24988 875
6947 36339 2816
28676 35500 414
1623 35255 4389
16426 36351 1387
15733 36507 4078
1595 28156 3268
6023 31230 2796
2950 28304 3390
5131 34765 4344
3389 33448 5562
17347 33719 298
7041 34496 4602
7564 35610 5001
1706 25456 3740
11066 34929 4532
9287 33073 3769
9516 36836 4546
9884 37093 4312
1232 34580 5107
8487 35059 5129
3982 33104 5067
2923 29557 3884
8606 34825 5011
22299 36070 1173
10409 25656 890
5608 39933 4870
10811 38796 5006
9400 33120 883
12627 34570 4039
18132 36117 3538
5675 34008 5193
4896 32200 2723
237 29364 4933
10559 30615 659
12524 35312 3954
13534 39352 5137
847 20877 1499
27506 38903 2160
17524 37407 3609
11781 39028 5285
4036 21034 2448
16123 39203 4167
6750 32404 2399
7151 36193 3740
1333 28657 431
7604 33593 5096
24216 38241 633
13469 37148 3286
9278 32833 2092
22821 30108 438
10929 27803 2679
17322 27606 1512
14878 39698 4547
720 4402 262
3442 31322 2966
466 30814 356
4305 19342 2491
14919 38174 4105
35161 36553 111
22826 39166 3191
11133 38273 4315
5082 39730 3990
3461 7631 290
17783 38349 3990
2324 34581 5756
19934 38976 550
4832 27617 1725
12631 26494 2664
26246 39342 1032
36292 39168 568
16926 32444 2910
9134 15518 720
5671 31710 2219
18254 27425 5
14552 39928 4843
10507 33776 3323
11276 18488 528
16937 34035 86
11252 28576 3246
14113 26971 2390
10280 29483 1296
30447 39450 1701
17482 27216 1852
1220 25477 4153
249 18307 2792
18480 39931 4278
12322 18637 538
35034 38368 611
7456 28140 1617
2449 27140 4274
7089 34392 3297
7292 38664 4961
4298 29137 4951
27093 39260 1553
20183 29166 806
10388 35078 4344
1989 29372 4313
200 25195 4098
18227 25644 1157
4740 34438 3882
22434 30036 1311
5498 34753 5842
17572 39983 4008
5540 21948 1555
17741 29508 1960
1347 31262 3950
14385 20357 1104
230 21094 3494
5941 39340 5070
4228 34104 3637
7876 29067 3539
25881 35126 708
16168 39072 4462
30931 35486 638
16943 36551 3772
12692 34975 3783
9990 33033 357
4079 31425 5022
12896 20481 1421
23035 39830 3260
10026 38577 5635
7929 34878 5213
6964 37513 5948
5210 33559 4087
804 38248 1712
4997 32437 2882
22958 39242 1977
12832 28910 882
11877 39916 4318
10180 39997 5743
15996 23412 1082
9121 34580 1548
3718 33459 2044
28146 29597 183
10628 37747 4464
16752 31846 2114
3517 34034 5741
27675 39521 138
8252 30013 4206
25417 38435 16
22120 39823 401
18467 39244 4146
9321 39318 3645
13151 39154 4159
20 20 20 20 20 20 20 20 20 20 20 20 20 20 20 20 20 20 20 20 20 20 20 20 20 20 20 20 20 20 20 20 20 20 20 20 20 20 20 20 20 20 20 20 20 20 20 20 20 20 20 20 20 20 20 20 20 20 20 20 20 20 20 20 20 20 20 20 20 20 20 20 20 20 20 20 20 20 20 20 20 20 20 20 20 20 20 20 20 20 20 20 20 20 20 20 20 20 20 20 20 20 20 20 20 20 20 20 20 20 20 20 20 20 20 20 20 20 20 20 20 20 20 20 20 20 20 20 20 20 20 20 20 20 20 20 20 20 20 20 20 20 20 20 20 20 20 20 20 20 20 20 20 20 20 20 20 20 20 20 20 20 20 20 20 20 20 20 20 20 20 20 20 20 20 20 20 20 20 20 20 20 20 20 20 20 20 20 20 20 20 20 20 20 20 20 20 20 20 20 20 20 20 20 20 20 20 20 20 20 20 20 20 20 20 20 20 20 20 20 20 20 20 20 20 20 20 20 20 20 20 20 20 20 20 20 20 20 20 20 20 20 20 20 20 20 20 20 20 20 20 20 20 20 20 20 20 20 20 20 20 20 20 20 20 20 20 20 20 20 20 20 20 20 20 20 20 20 20 20 20 20 20 20 20 20 20 20 20 20 20 20 20 20 20 20 20 20 20 20 20 20 20 20 20 20 20 20 20 20 20 20 20 20 20 20 20 20 20 20 20 20 20 20 20 20 20 20 20 20 20 20 20 20 20 20 20 20 20 20 20 20 20 20 20 20 20 20 20 20 20 20 20 20 20 20 20 20 20 20 20 20 20 20 20 20 20 20 20 20 20 20 20 20 20 20 20 20 20 20 20 20 20 20 20 20 20 20 20 20 20 20 20 20 20 20 20 20 20 20 20 20 20 20 20 20 20 20 20 20 20 20 20 20 20 20 20 20 20 20 20 20 20 20 20 20 20 20 20 20 20 20 20 20 20 20 20 20 20 20 20 20 20 20 20 20 20 20 20 20 20 20 20 20 20 20 20 20 20 20 20 20 20 20 20 20 20 20 20 20 20 20 20 20 20 20 20 20 20 20 20 20 20 20 20 20 20 20 20 20 20 20 20 20 20 20 20 20 20 20
12 127
13 112
13 199
11 148
18 131
19 138
15 138
15 185
16 192
14 182
18 167
10 165
15 191
11 128
15 191
20 121
11 118
11 191
13 115
18 146
13 171
10 154
13 146
12 153
11 127
10 182
11 175
14 177
14 105
10 154
17 129
11 111
13 200
15 174
15 181
11 170
14 174
12 132
18 178
15 142
17 133
15 175
16 158
20 173
10 185
15 164
16 141
15 117
16 133
16 114
15 100
18 124
12 109
11 176
10 132
19 168
14 189
18 198
12 149
15 190
20 131
15 131
13 149
19 159
14 133
13 118
20 152
11 194
12 125
18 166
13 189
18 190
13 141
14 191
20 131
13 199
11 106
14 155
12 163
13 195
17 119
10 182
19 199
10 113
14 142
20 162
11 101
19 135
13 128
13 127
20 139
11 133
19 170
17 118
20 118
20 123
17 140
19 192
18 163
19 187
10 124
14 105
11 122
19 160
12 170
15 131
11 126
16 196
19 171
15 177
13 178
20 166
18 100
11 135
14 108
10 198
14 126
15 156
10 170
14 129
12 118
17 170
13 134
20 130
19 108
18 134
19 137
11 133
17 108
10 123
19 131
17 124
15 175
15 113
12 184
14 159
11 144
12 199
10 172
13 124
20 184
13 160
11 139
15 185
11 148
15 110
17 137
19 118
16 111
15 181
12 153
12 125
11 102
12 117
15 155
18 171
19 128
20 125
17 118
20 170
14 159
18 105
20 104
14 174
12 189
18 113
16 200
13 117
10 105
17 188
18 114
11 162
16 138
17 139
11 109
11 145
20 167
11 192
18 179
11 136
20 157
14 117
18 137
17 138
15 125
20 102
11 155
16 196
10 108
19 129
10 154
11 152
10 147
17 140
16 101
11 124
14 116
13 159
12 132
10 101
17 180
19 193
12 116
20 168
20 199
15 114
10 171
10 178
16 174
20 185
11 177
20 103
15 107
11 133
19 192
15 197
18 162
14 167
14 182
11 125
18 148
12 174
17 136
18 133
14 121
11 167
10 141
13 146
15 154
15 182
19 188
20 126
13 166
19 159
14 164
12 101
17 159
18 117
13 127
16 115
14 154
17 101
14 137
14 178
20 181
17 170
15 114
20 193
16 166
13 113
17 157
18 166
16 159
13 120
16 120
20 125
13 174
13 150
11 188
11 116
13 173
17 130
19 151
13 130
14 103
13 139
20 168
19 198
15 102
15 120
12 134
17 149
11 140
20 111
11 158
14 173
11 116
12 122
11 124
20 113
13 166
12 161
18 161
19 106
13 157
18 140
11 193
16 160
20 143
15 104
19 200
16 136
20 170
17 143
15 167
20 144
20 134
14 109
15 168
11 169
14 182
16 192
15 148
15 111
16 180
20 117
18 144
19 149
12 160
14 132
12 114
13 148
12 148
17 156
19 184
17 106
14 121
18 138
12 147
18 199
10 181
14 197
14 116
12 180
11 184
14 179
18 143
13 112
19 106
10 156
12 124
11 170
13 100
16 107
18 170
17 161
15 128
17 169
20 188
12 190
10 158
19 102
14 145
20 120
11 135
13 117
19 196
10 164
18 141
14 136
18 140
14 134
11 151
10 171
13 182
13 175
20 138
12 108
11 165
18 105
13 135
10 123
19 175
13 151
12 110
20 137
16 145
17 179
19 146
16 186
14 159
19 187
10 184
13 138
15 133
10 130
11 165
12 154
11 193
20 110
11 120
15 113
12 109
18 188
15 139
20 124
18 115
14 119
18 196
11 191
11 158
12 109
17 119
10 152
19 141
15 133
10 170
13 104
10 122
19 199
10 123
16 197
13 128
19 154
18 104
16 112
11 164
10 195
19 159
12 198
18 125
17 147
15 200
19 143
17 137
16 182
10 194
13 110
12 122
10 138
20 134
16 107
13 178
20 102
12 104
12 144
16 195
18 120
12 191
11 120
14 140
17 147
11 174
18 102
11 130
20 147
13 107
16 136
18 183
20 182
20 100
16 137
17 155
10 111
17 141
16 131
17 108
16 105
13 139
15 147
19 108
20 144
14 146
15 200
11 121
11 176
15 193
17 132
14 110
18 195
17 111
12 185
20 103
12 193
20 195
11 129
11 126
20 194
10 108
11 199
17 136
20 150
10 135
13 186
19 197
20 162
12 114
13 176
16 134
15 169
14 169
20 200
15 112
19 194
10 154
11 112
13 163
12 102
20 106
11 159
11 141
11 125
13 110
12 137
15 169
10 160
16 102
12 192
19 194
16 125
