1
5 3 1745
500
37673 56415 1378
10883 46994 5824
12712 39641 4916
17038 52978 5095
22540 45364 876
51199 58591 324
10631 50577 5324
24972 55333 5116
1981 42916 4207
12917 36498 248
18140 44385 4773
32112 46724 15
7963 34184 5188
22575 51804 2669
18567 50941 5132
22689 54514 5931
14806 39124 4808
50409 56580 289
15915 31874 2581
3403 35636 4687
35425 55352 3767
46637 57062 2046
3972 31599 3844
16342 31586 2719
15177 58847 1486
30200 59084 2465
22357 28365 227
30358 55093 4078
17022 53035 3727
31480 52620 2401
14079 36915 3254
15526 45537 5752
17081 58677 1577
16404 46937 2637
13445 48251 5563
17023 54168 5402
17594 55724 2366
12409 59005 5267
11173 39336 1655
42777 59379 2944
14607 59036 1700
28630 53708 392
8523 26247 2340
49483 58148 1587
6945 40280 5924
15514 40818 4391
4940 39140 542
22421 46088 4366
21436 59776 469
22806 52456 3728
21097 48357 4783
30526 45947 2932
15632 45850 2719
5986 21665 2808
2710 35102 5321
31969 58594 2536
6227 53963 4478
29852 56127 852
21005 39851 1070
16408 49675 5037
20663 59374 5609
1764 32708 2472
29898 52373 2561
34366 39196 518
9450 59335 4349
23873 46824 4240
18349 47029 5052
41733 54087 2193
3690 44369 1538
2973 29575 4774
33383 52323 3369
28846 54865 4726
19005 48255 4718
45907 59166 1625
25988 38076 2024
17658 54418 5155
2369 59411 5755
9195 46121 1199
6235 40182 5782
14400 53507 2234
10996 49736 746
7668 28151 3348
24560 49087 4148
22557 51019 1470
20703 45008 3757
12383 49211 1575
14118 26346 1294
2088 49757 5770
18411 55651 5121
18122 27325 425
22480 56037 5153
6345 37659 5793
17263 58237 400
25733 54062 2387
32163 55160 3236
23570 42231 1985
12425 41978 2615
18878 52490 4463
23460 44261 1189
23128 43412 1394
40712 47989 643
4821 31423 394
23797 44307 1221
33023 53165 2803
17386 42896 4852
31372 56428 3499
17262 42806 3030
22990 51329 1641
39333 53723 1996
10945 56321 1916
30635 56508 4578
16522 47800 5639
19317 59330 5650
19800 47510 4887
8545 56776 5041
17031 51989 5975
10377 14562 20
33834 52095 1877
28571 56874 360
37421 58223 1940
23356 46975 4421
3592 45341 5739
5798 48180 5084
1934 44433 1550
8574 40277 4998
18934 47398 2403
811 46540 4792
7136 44555 5789
12185 33119 245
705 41400 5272
3856 42867 1641
35024 51977 3149
1669 45683 3519
31528 48638 100
21001 37631 3257
3440 34675 5733
20907 58706 4019
40860 59978 1190
27360 44823 2285
23349 40669 1087
1431 36760 2573
3228 50652 4929
39025 50315 183
15011 59548 563
20179 50147 5950
324 50774 4500
3538 57391 21
2309 56298 3235
13127 58976 4334
9916 38993 4250
15586 55287 5802
15610 52625 4389
4709 15241 189
8491 47426 910
15498 55859 7
30038 54183 4485
17300 29549 1634
7340 47184 4479
26696 46043 2196
41039 58155 1389
2595 33909 5604
29643 42023 787
21556 58321 1823
26027 57459 5075
26563 52096 3708
3914 50466 5996
19464 54896 3780
47041 58528 187
9852 39513 5878
39548 58731 3167
54368 57430 299
33613 55968 2529
28056 57863 5081
7485 23141 918
20312 51549 3656
46146 56743 1365
1138 32166 4711
38043 55736 2244
10915 31445 3474
18422 46612 1567
22496 54451 5159
7201 20010 356
4835 55398 914
36253 58334 1430
1419 27639 5170
19204 41919 4485
11681 43426 5476
12531 57224 5158
12897 47456 3847
43351 54277 1652
14540 45881 5148
11802 33722 4247
25391 42457 586
21196 40003 2092
16043 56661 2495
4900 37440 5174
35377 54876 2139
34804 44881 1677
32709 38046 441
26765 53427 1600
47224 52784 1111
5223 43733 3692
11 46719 5346
11783 57483 1413
46318 59653 1115
19564 52721 4753
26435 35383 1455
10551 49449 3268
7014 59092 5904
25921 54716 2486
8986 32959 1049
12784 39712 4530
14595 47864 2781
17234 37147 1473
6543 44919 5811
28391 49526 3701
3760 53572 3747
4645 43426 4184
10191 23357 2039
25512 57036 5392
6378 39347 2370
13807 51238 5849
6605 55637 1574
3791 52050 4773
2442 17885 2722
41586 55106 519
22349 58912 4249
51191 58410 722
31238 56227 2790
11660 33448 450
9841 50471 5004
15066 57083 4981
14502 42561 5094
47995 57685 1220
5902 40879 4288
32518 54509 3661
14298 45499 4610
11600 18724 243
2291 51884 4011
17449 59918 3401
23909 54949 1740
12974 54864 5795
5869 43222 2154
18958 45357 949
16845 42728 2787
11271 23353 1444
5326 26782 3965
28604 49594 3551
5366 34645 2779
912 11528 1049
28704 42356 1320
53169 55216 49
32970 43041 614
15439 39027 2863
8301 47292 4910
32099 43307 1935
22800 50114 1834
25814 58853 3062
5443 26274 3483
7979 40257 5900
32883 58280 4713
35366 53523 2540
374 45384 3848
24729 47272 4149
23317 56309 5993
37610 45675 273
522 30500 3043
9659 38936 3986
14311 54826 5422
15810 36846 1281
12236 39669 5377
32499 56681 3162
20899 49519 5413
25771 58120 1079
21782 46546 4763
20923 50776 5943
20190 57677 5920
1777 25285 3488
6651 36808 1700
27036 59535 4149
40195 53163 1533
24939 48516 2611
13440 59365 1601
25194 43405 957
9874 52619 4455
28859 40754 1678
7463 47296 5216
17272 47351 4921
4248 36555 4669
970 31239 2646
38795 58952 849
19850 58833 5903
15767 51759 4034
15332 49635 4539
6934 51251 5081
15733 57945 1086
21138 49530 4400
12734 45429 2201
6987 59947 5082
1275 27669 4621
14867 55519 5940
35115 52720 2950
13178 53590 5951
5198 43947 5647
22470 49349 2813
26991 36622 1684
10888 59218 1105
27544 33105 747
9696 51738 2215
1241 59559 5122
115 59309 4022
2472 51539 1790
37095 47604 786
48737 58281 989
37820 59504 4046
30723 57532 5244
8023 47863 3451
33454 59121 2190
6085 42482 5238
19417 21828 381
15637 51111 2410
10563 38807 5178
18742 51522 5458
16653 48260 5024
33031 56624 2496
41238 51760 1844
18000 25083 789
28451 47233 1043
9193 43643 1773
13362 51160 2365
15184 46441 5061
30204 51458 2145
12767 36344 3737
9618 46515 4495
24116 39021 817
16711 50475 4246
17139 42914 2357
1660 56396 4223
3806 26964 756
38835 59056 3131
54227 57077 46
57003 57583 89
15498 40845 2136
3201 14641 1073
812 41544 4006
8305 35295 3913
36582 46622 1117
840 26210 4998
14245 50622 2403
45181 53039 637
16032 33008 831
25867 51619 4697
13212 50981 5910
45748 51090 126
14436 33755 3777
8806 49078 5701
16803 49821 3594
34245 52242 3301
19454 47099 1954
15230 33735 259
2528 12531 1101
17090 41123 1268
4669 43457 5140
21972 42712 2847
11260 51377 5279
35749 53108 2997
43498 58745 3046
44764 50089 136
28517 47247 3106
28025 52162 50
18099 24728 980
27242 54246 3726
12251 40927 4370
970 41204 710
30261 43017 2344
4224 42943 5369
51167 59038 959
44190 59687 2379
37325 56039 1153
14972 48287 5071
8524 23142 1927
10163 35697 3630
1794 43808 4647
7188 47049 5211
7744 56640 114
10657 59907 3920
13562 57693 2159
7836 47159 4548
19550 52840 4596
24162 35643 1299
14035 41017 3964
32665 52259 3470
499 53833 4682
16656 53183 2315
28541 34266 740
16400 54216 5023
17603 55563 4210
10986 41197 5139
40256 52145 1808
5030 48687 3996
16856 33399 1365
24672 51876 2948
11262 51350 2769
19745 51067 4153
39974 56372 1908
4902 13730 1162
23176 49091 5182
24318 54150 5491
21887 28649 188
33869 44468 232
9046 53964 5932
8244 37052 3411
17575 49999 3939
19755 27153 1260
11447 43114 5394
39204 52326 1661
6001 26616 2721
958 52292 297
18685 56938 5447
6495 31602 3392
51046 57834 1245
8371 46513 5800
29302 46068 458
15855 35775 2888
24929 51178 2049
22464 59777 257
8489 38825 4727
3275 45245 5480
29739 49902 3284
26713 50061 331
17344 58763 1421
18426 53739 5256
17677 40128 4310
7019 47570 4401
11814 46942 4226
24424 51341 5143
2908 40182 5905
16833 57918 990
9220 48492 1996
2126 54919 5376
4806 26122 1169
34572 53391 3056
15359 35393 1957
1306 42729 5075
30062 59021 3603
11900 30331 2116
57737 59567 56
4300 38081 3823
24130 52486 4955
9964 35696 4307
11363 49380 4417
30387 58111 3741
2257 47627 4285
50511 58758 1013
18601 38480 3380
47 33104 4902
1626 40010 5337
25178 57529 5286
35183 56854 1217
33322 53183 283
2113 34195 500
15500 48374 246
3853 48508 4709
3820 37846 4120
52143 57045 418
1156 37559 4615
16158 45762 4287
7868 35714 5009
4184 57595 3527
52351 59045 742
13076 57035 2791
1941 49705 5768
7676 23742 2307
7851 52026 3214
35907 51453 1919
51262 56805 267
16188 59959 3520
9346 53586 1241
23730 52613 2884
36091 56673 2841
16644 42122 3897
3284 52088 2249
22990 45661 323
1319 36688 5562
5527 39851 4090
27146 49783 727
23628 52900 4958
16305 57198 3003
8672 30724 3062
13429 30246 2662
8211 21650 1360
1104 10111 1064
11570 40995 5116
30261 55897 2541
1728 41606 2657
29033 56961 2900
252 37174 1334
13252 39360 2987
22816 38262 2672
24291 30185 364
17 10 11 10 11 11 16 14 14 18 16 18 10 13 19 16 12 15 12 15 14 20 18 15 18 18 17 20 12 19 10 20 20 17 17 10 13 17 15 19 13 10 16 17 11 15 10 11 10 19 16 11 17 12 20 18 15 10 10 19 11 16 19 11 16 10 10 11 15 19 15 14 19 11 11 18 20 16 17 14 17 11 10 15 19 14 12 11 15 16 20 19 19 19 14 10 11 19 19 17 19 18 16 20 17 20 18 16 12 11 20 13 13 11 10 19 13 10 10 14 12 19 10 15 17 12 17 11 11 14 20 16 14 17 10 11 16 15 20 20 14 11 14 10 19 17 17 11 12 13 16 18 14 19 19 16 13 11 16 17 12 19 11 20 15 13 14 16 11 10 14 12 12 20 12 19 16 12 20 18 18 15 16 16 10 18 13 11 12 19 19 15 14 13 17 12 20 14 15 20 12 12 11 14 18 17 16 14 16 19 17 16 19 10 13 17 10 18 13 20 20 20 16 15 13 19 12 11 19 14 14 14 18 17 20 10 13 20 12 20 19 11 10 13 19 19 11 18 17 18 15 15 13 19 11 16 18 18 11 16 15 20 12 18 13 12 11 13 12 18 16 15 11 16 13 16 19 15 12 20 19 14 12 12 15 17 10 11 19 15 19 18 12 15 11 15 18 17 13 18 16 13 13 14 13 19 10 15 16 15 15 15 19 14 15 16 15 18 12 10 17 19 19 12 15 13 12 20 13 10 16 10 19 15 18 15 20 19 11 20 17 18 15 12 10 20 16 17 10 17 12 11 19 13 14 16 20 13 14 13 19 20 16 10 20 10 18 17 20 17 20 18 11 13 13 18 13 16 12 10 16 20 14 12 20 18 11 11 15 12 17 11 11 10 10 20 16 10 19 15 20 12 12 19 19 20 15 10 11 14 14 19 11 13 14 18 18 11 18 14 16 20 11 20 14 19 19 18 14 12 20 17 14 14 19 11 20 15 19 20 18 16 16 19 19 13 14 15 19 14 16 19 11 17 20 16 12 19 11 15 11 17 15 13 16 12 18 15 12 18 20 11 10 16 19 11 19 20 11 19 16 10 19 18 14 13 13 20 11 14 15 12 12 17 18 12 11 17 13 13
20 200
