2
1 1 1098
1 2 1068
500
0 620 124
0 1815 363
0 45 9
0 1120 224
0 250 50
0 1135 227
0 1745 349
0 1280 256
0 2220 444
0 240 48
0 2500 500
0 1220 244
0 80 16
0 700 140
0 105 21
0 1305 261
0 2180 436
0 1565 313
0 445 89
0 2180 436
0 185 37
0 955 191
0 150 30
0 465 93
0 395 79
0 255 51
0 400 80
0 2225 445
0 520 104
0 5 1
0 940 188
0 345 69
0 2300 460
0 2360 472
0 845 169
0 1140 228
0 1225 245
0 1050 210
0 415 83
0 1855 371
0 595 119
0 285 57
0 1990 398
0 2170 434
0 1195 239
0 765 153
0 570 114
0 1950 390
0 1355 271
0 295 59
0 990 198
0 1990 398
0 2385 477
0 2120 424
0 2070 414
0 2020 404
0 1360 272
0 1190 238
0 1465 293
0 600 120
0 1030 206
0 1735 347
0 1440 288
0 975 195
0 660 132
0 890 178
0 1640 328
0 2125 425
0 2330 466
0 1715 343
0 155 31
0 650 130
0 1800 360
0 120 24
0 945 189
0 1780 356
0 1260 252
0 2115 423
0 215 43
0 255 51
0 2400 480
0 2150 430
0 1420 284
0 455 91
0 830 166
0 220 44
0 690 138
0 2280 456
0 2445 489
0 105 21
0 2175 435
0 2440 488
0 1335 267
0 915 183
0 1385 277
0 2405 481
0 440 88
0 1685 337
0 2420 484
0 1570 314
0 100 20
0 1860 372
0 2320 464
0 1890 378
0 1640 328
0 150 30
0 205 41
0 2025 405
0 1950 390
0 900 180
0 1480 296
0 1745 349
0 665 133
0 605 121
0 830 166
0 2475 495
0 2255 451
0 850 170
0 385 77
0 520 104
0 550 110
0 1145 229
0 620 124
0 1580 316
0 1985 397
0 1290 258
0 1835 367
0 2480 496
0 2385 477
0 1995 399
0 410 82
0 1675 335
0 1035 207
0 990 198
0 700 140
0 240 48
0 2045 409
0 2260 452
0 1775 355
0 570 114
0 1615 323
0 1365 273
0 2350 470
0 2050 410
0 1110 222
0 1820 364
0 60 12
0 1770 354
0 105 21
0 1915 383
0 1720 344
0 1100 220
0 995 199
0 1760 352
0 115 23
0 700 140
0 930 186
0 1485 297
0 1060 212
0 1655 331
0 760 152
0 290 58
0 1715 343
0 1540 308
0 2160 432
0 140 28
0 2030 406
0 2475 495
0 2150 430
0 1375 275
0 1755 351
0 520 104
0 60 12
0 160 32
0 940 188
0 2120 424
0 1260 252
0 1440 288
0 180 36
0 1160 232
0 355 71
0 470 94
0 2165 433
0 265 53
0 1235 247
0 1965 393
0 565 113
0 330 66
0 900 180
0 2190 438
0 915 183
0 160 32
0 1695 339
0 2130 426
0 775 155
0 1575 315
0 2400 480
0 755 151
0 960 192
0 1060 212
0 815 163
0 305 61
0 2060 412
0 770 154
0 2310 462
0 65 13
0 170 34
0 1795 359
0 1525 305
0 590 118
0 1400 280
0 895 179
0 2010 402
0 1865 373
0 2420 484
0 885 177
0 1285 257
0 680 136
0 2010 402
0 2420 484
0 1170 234
0 285 57
0 205 41
0 1805 361
0 220 44
0 960 192
0 1055 211
0 1720 344
0 2230 446
0 1890 378
0 480 96
0 85 17
0 370 74
0 1780 356
0 235 47
0 2100 420
0 2255 451
0 585 117
0 2390 478
0 2375 475
0 980 196
0 1625 325
0 1580 316
0 2180 436
0 1205 241
0 725 145
0 1280 256
0 1260 252
0 525 105
0 1020 204
0 2205 441
0 1650 330
0 1625 325
0 1145 229
0 2155 431
0 535 107
0 1580 316
0 580 116
0 1040 208
0 975 195
0 1475 295
0 1880 376
0 1500 300
0 1040 208
0 1880 376
0 130 26
0 1735 347
0 820 164
0 570 114
0 1725 345
0 1635 327
0 1930 386
0 105 21
0 960 192
0 120 24
0 2175 435
0 160 32
0 450 90
0 1455 291
0 1965 393
0 2070 414
0 1625 325
0 1320 264
0 1365 273
0 515 103
0 1955 391
0 1765 353
0 1230 246
0 310 62
0 1015 203
0 1235 247
0 2365 473
0 1565 313
0 835 167
0 2480 496
0 700 140
0 390 78
0 760 152
0 1695 339
0 1655 331
0 1675 335
0 460 92
0 595 119
0 1005 201
0 2380 476
0 945 189
0 675 135
0 1645 329
0 2055 411
0 245 49
0 1740 348
0 1590 318
0 1810 362
0 2325 465
0 2455 491
0 2445 489
0 750 150
0 1115 223
0 2185 437
0 1185 237
0 1020 204
0 1315 263
0 625 125
0 750 150
0 1695 339
0 1300 260
0 2100 420
0 1775 355
0 110 22
0 185 37
0 1835 367
0 800 160
0 1905 381
0 1220 244
0 760 152
0 1315 263
0 1450 290
0 1195 239
0 610 122
0 1700 340
0 1825 365
0 2135 427
0 740 148
0 1930 386
0 1230 246
0 1110 222
0 140 28
0 1980 396
0 725 145
0 2265 453
0 1335 267
0 815 163
0 920 184
0 545 109
0 1560 312
0 360 72
0 2265 453
0 1890 378
0 2170 434
0 520 104
0 1620 324
0 900 180
0 2420 484
0 1870 374
0 180 36
0 615 123
0 635 127
0 1390 278
0 1065 213
0 2475 495
0 1020 204
0 665 133
0 2280 456
0 2020 404
0 405 81
0 1265 253
0 1225 245
0 805 161
0 1905 381
0 2435 487
0 2175 435
0 1090 218
0 1035 207
0 2155 431
0 140 28
0 1965 393
0 1860 372
0 855 171
0 1575 315
0 1705 341
0 870 174
0 615 123
0 715 143
0 705 141
0 1830 366
0 2350 470
0 2475 495
0 2465 493
0 1210 242
0 1925 385
0 2345 469
0 2480 496
0 155 31
0 105 21
0 860 172
0 1945 389
0 1290 258
0 820 164
0 1855 371
0 475 95
0 335 67
0 2390 478
0 500 100
0 2380 476
0 1910 382
0 600 120
0 370 74
0 130 26
0 1795 359
0 890 178
0 1850 370
0 1145 229
0 2425 485
0 320 64
0 15 3
0 145 29
0 2290 458
0 2215 443
0 50 10
0 1455 291
0 2325 465
0 1790 358
0 1635 327
0 235 47
0 1385 277
0 2345 469
0 1280 256
0 520 104
0 2245 449
0 980 196
0 890 178
0 450 90
0 1530 306
0 580 116
0 1295 259
0 1700 340
0 800 160
0 1605 321
0 275 55
0 1730 346
0 270 54
0 2285 457
0 1300 260
0 1050 210
0 655 131
0 1335 267
0 2020 404
0 1750 350
0 1760 352
0 575 115
0 425 85
0 610 122
0 395 79
0 2305 461
0 560 112
0 2415 483
0 1330 266
0 1470 294
0 595 119
0 1820 364
0 1580 316
0 735 147
0 45 9
0 1800 360
0 660 132
0 1705 341
0 1965 393
0 1940 388
0 1790 358
0 480 96
0 1660 332
0 1560 312
0 165 33
0 935 187
0 1900 380
0 1925 385
0 1105 221
0 2320 464
0 530 106
0 1850 370
0 390 78
0 570 114
0 2010 402
0 1920 384
0 2440 488
0 445 89
0 1585 317
0 1780 356
0 1395 279
0 1365 273
18 20 20 20 19 20 18 20 18 20 19 20 19 18 18 19 20 20 20 20 18 20 20 20 20 20 19 18 18 18 19 19 20 20 19 20 20 20 20 20 20 18 20 19 20 19 18 18 20 18 19 18 20 19 19 20 19 19 19 19 18 20 19 19 18 18 18 18 19 19 18 18 20 18 20 20 19 19 18 20 19 20 20 19 18 19 18 18 20 20 18 19 18 18 20 20 20 18 18 19 20 20 19 20 19 19 18 20 18 19 20 19 19 19 20 18 19 20 20 19 18 18 18 19 19 19 19 18 18 18 19 20 18 19 19 18 20 18 19 20 20 18 20 19 18 18 19 19 20 18 20 19 20 19 18 20 20 18 19 18 20 19 19 20 20 18 19 20 20 20 20 20 20 19 18 19 18 19 20 18 18 19 20 20 20 19 20 18 20 19 20 19 18 19 18 20 20 20 19 18 19 19 20 20 20 18 19 20 19 19 19 18 20 19 18 19 19 19 20 18 19 19 18 20 19 18 20 20 20 20 19 18 20 18 19 20 19 18 18 19 20 20 19 19 18 19 19 18 20 19 19 19 20 20 18 18 18 20 18 20 20 20 20 20 18 18 18 20 18 19 18 19 20 18 20 19 20 20 19 19 18 18 20 19 18 20 20 20 18 19 19 20 18 20 19 19 19 19 20 19 19 20 20 18 19 20 19 19 20 20 18 18 20 20 20 20 18 18 19 18 18 20 19 18 19 20 20 19 20 19 19 18 19 18 19 19 18 18 19 20 18 20 19 19 18 18 19 19 19 19 20 19 19 20 18 19 18 19 20 20 20 18 19 20 18 18 20 19 18 20 20 20 20 20 18 19 18 19 19 19 20 20 19 18 19 19 20 20 18 20 18 20 19 19 18 20 19 20 18 20 20 19 20 18 19 18 20 20 19 20 19 19 20 18 19 19 19 19 20 19 18 20 20 18 18 19 19 19 19 18 20 20 18 20 19 20 18 18 20 19 19 19 20 20 18 18 20 18 20 19 19 20 20 18 19 20 20 20 18 18 18 20 18 20 20 20 19 19 18 18 20 18 20 18 19 20 19 19 18 20 18 20 20 19 19 20 18 19 18 19 19 19 20 18 20 20 19 18 19 20
18 20 20 20 20 18 19 18 19 18 18 18 20 20 18 19 19 18 18 18 18 19 20 20 18 18 19 20 18 19 18 20 20 19 18 18 19 18 20 20 20 19 20 19 19 19 19 19 20 19 19 18 18 19 19 20 20 18 18 18 19 20 19 18 18 20 19 20 19 19 20 18 18 19 18 19 18 18 18 18 20 19 20 18 20 19 18 20 18 20 20 19 19 18 18 19 18 19 18 18 18 19 18 18 19 19 18 18 18 18 18 19 18 18 19 18 18 18 20 18 18 19 20 18 18 18 19 18 19 18 19 18 20 19 18 20 20 19 19 19 19 19 18 20 20 18 18 18 19 18 19 20 20 20 20 18 18 20 19 19 20 20 18 19 18 18 19 18 18 19 19 18 19 19 18 20 18 20 18 18 20 19 18 20 18 20 19 18 20 20 18 18 20 19 19 20 19 19 18 19 19 18 18 20 19 19 18 19 18 20 19 19 19 18 19 18 19 18 18 19 19 18 20 19 20 20 20 18 19 19 18 18 20 18 18 20 19 20 20 18 18 19 19 18 20 19 20 18 20 20 18 20 18 19 18 18 18 18 19 19 18 19 18 18 18 20 18 20 18 19 19 18 19 19 19 18 19 19 19 18 18 18 18 20 18 19 18 20 20 20 20 19 18 18 18 18 18 20 18 18 20 18 19 19 19 18 18 20 19 19 18 20 18 18 18 18 19 20 20 20 18 19 18 20 18 19 20 19 18 18 18 18 18 19 20 18 18 19 19 20 20 18 19 18 19 18 19 19 18 19 19 19 20 19 18 20 19 19 18 18 18 18 19 19 18 20 18 18 19 20 18 18 20 19 18 19 20 20 19 20 18 19 18 20 20 18 19 19 19 20 18 20 20 19 20 20 18 19 19 19 20 18 19 18 18 20 18 19 20 19 19 20 20 18 20 19 19 20 19 20 18 18 18 18 19 18 18 18 19 19 20 20 20 19 19 20 18 20 20 19 18 20 20 18 18 20 18 20 18 18 18 20 20 20 20 19 19 20 20 19 19 20 20 20 19 20 19 18 19 18 18 19 19 19 19 18 20 19 20 20 20 18 20 18 18 20 20 20 20 20 19 20 18 20 19 19 18 20 20 20
19 199
16 183
16 190
17 173
19 182
19 196
17 185
17 181
19 197
19 197
17 194
17 167
19 198
18 199
18 199
17 161
19 196
18 188
20 189
18 198
16 181
18 194
17 186
17 175
19 187
19 164
18 189
16 199
20 188
19 199
18 195
20 165
17 181
19 180
17 185
18 200
18 192
20 180
16 168
20 164
19 189
16 168
16 176
16 195
17 182
17 165
19 193
20 173
17 177
19 196
16 185
18 167
18 192
18 180
17 192
19 195
20 178
16 195
19 173
17 171
16 162
16 178
17 169
18 181
20 187
20 173
19 166
19 187
19 178
19 164
16 167
19 178
16 198
19 184
17 184
17 196
19 199
19 171
17 198
18 194
18 194
18 166
19 191
20 196
19 185
18 189
19 166
17 165
18 193
20 160
19 184
17 171
16 162
17 185
18 193
18 172
20 177
20 181
20 173
20 180
18 180
16 165
17 190
18 186
16 178
17 193
16 167
16 188
16 186
16 160
20 183
19 190
20 169
20 183
20 194
16 190
19 198
19 164
19 196
20 200
19 185
19 200
17 193
16 160
19 167
18 160
18 172
17 181
19 182
18 199
18 182
16 188
20 192
19 163
20 176
18 160
19 165
20 175
16 172
20 184
18 184
17 192
18 186
16 192
16 194
20 186
16 185
20 192
17 195
20 174
18 181
18 167
20 188
19 167
18 173
17 195
20 167
16 166
17 193
19 162
18 160
18 162
17 188
16 186
20 168
20 186
19 199
16 197
20 197
19 164
16 182
19 179
20 182
20 160
19 198
19 192
19 197
18 173
20 175
19 163
18 171
19 185
18 174
20 167
20 186
18 178
19 188
20 174
16 185
19 188
20 198
16 161
20 164
16 177
20 190
20 188
18 175
17 189
16 197
20 160
19 200
20 200
16 175
16 179
16 165
18 195
19 199
20 188
18 170
19 192
16 187
19 196
16 178
17 188
20 181
20 160
18 173
18 175
17 162
17 166
16 195
16 197
17 181
19 178
19 171
19 187
18 161
16 164
17 176
18 182
18 183
18 186
17 165
17 177
20 192
16 166
17 166
20 193
20 186
19 192
17 175
19 162
17 167
18 178
20 182
18 184
19 190
18 171
19 163
19 181
20 183
18 185
16 174
19 171
18 181
18 178
18 169
20 175
19 190
18 199
17 162
18 184
16 169
17 197
17 168
19 195
18 196
17 164
18 177
16 181
17 183
18 161
16 173
17 187
18 193
17 176
17 168
17 193
18 189
16 181
19 171
18 179
19 197
18 173
20 197
18 196
19 163
17 196
18 187
18 185
17 168
17 167
17 195
20 178
19 177
17 185
16 167
17 166
20 162
17 182
19 185
18 164
16 181
19 160
19 169
20 184
16 170
17 162
18 200
18 197
19 175
20 183
17 192
17 171
18 164
19 165
18 191
16 195
16 190
19 200
17 191
18 180
19 178
19 197
19 199
19 174
19 168
20 195
18 172
16 170
18 195
20 197
20 186
18 169
17 191
18 192
16 164
19 195
17 175
16 162
18 171
18 174
16 197
16 176
17 195
18 165
16 187
17 181
20 181
18 192
18 168
16 169
17 200
17 181
16 195
20 186
16 192
17 179
16 190
16 179
19 173
16 178
19 177
20 172
20 181
17 168
17 162
19 169
18 162
17 173
18 173
17 168
20 175
19 200
16 193
16 186
17 189
18 200
16 166
18 177
19 163
18 185
18 163
19 193
16 191
20 186
20 200
20 195
17 179
16 197
19 188
16 190
20 164
16 168
20 183
18 180
18 186
16 185
19 187
19 166
19 196
20 174
17 166
19 193
20 184
16 190
19 189
17 200
17 161
16 194
18 193
16 180
18 161
18 197
16 174
19 192
16 165
18 176
20 182
18 191
19 181
20 200
19 165
20 174
16 179
19 186
16 165
17 160
16 166
17 188
19 183
17 163
18 182
18 190
20 200
20 168
19 162
20 174
18 179
20 196
19 197
17 171
20 168
18 190
16 163
19 163
16 196
20 200
18 166
17 187
17 192
19 199
16 199
19 190
20 177
20 189
19 196
16 188
18 186
17 176
20 166
16 169
16 184
18 199
17 192
18 177
16 168
18 160
20 172
19 177
17 167
18 172
16 166
19 162
20 191
19 190
16 165
20 192
17 172
20 196
18 164
17 178
18 163
18 186
17 160
19 187
18 178
16 162
18 169
16 161
20 173
16 187
16 197
17 164
17 174
19 197
17 161
18 190
17 163
20 169
