2
2 1 1530
2 1 1142
500
10210 26242 2441
45294 58757 2188
23246 53797 101
9457 46873 4954
6643 51677 2191
25164 45121 3358
8407 55961 5744
10829 43700 2932
3403 49250 5767
8095 49040 2584
5522 58762 4989
5576 43517 2426
3081 44978 5928
1434 58683 2740
234 49013 4305
18765 47266 4922
35944 56374 1135
10709 54127 3758
24653 55149 4964
49223 57994 1548
6592 33743 4050
20745 40634 468
27849 59084 1119
26695 59442 2316
29373 50291 2754
14491 59260 5703
55451 59427 657
21259 59820 4936
16410 46508 4043
22624 52989 5888
4759 53789 5318
1394 56440 1035
6454 42316 2403
4612 57698 5657
37425 58539 3961
4229 57379 4763
25120 55931 4956
18689 50422 382
9247 50260 5525
15648 54381 4927
817 40276 2447
3288 36966 2079
29629 46951 1966
17817 42467 2413
8000 45104 2160
24339 44152 1700
3576 49009 3906
1427 25026 4419
66 31779 3679
26741 32604 911
27105 53485 1
2515 55220 5458
38073 40837 228
10791 59241 2465
3772 40871 2660
10908 49374 5094
18796 43344 4575
29638 57844 4863
13612 31137 2651
2049 21882 3838
11553 46028 2015
5636 36224 4809
27772 57878 4198
9955 31556 4200
14649 43252 3339
22062 42232 959
3475 30330 4040
13553 57520 5024
1013 32396 5383
27212 59662 5785
27334 51720 4018
2781 30887 2056
25681 50044 1037
20357 35141 2311
7098 19554 2126
26480 50934 4707
6219 37819 3951
2549 36779 2703
33842 58034 3159
606 46313 2402
43039 55236 2360
15925 49829 5228
2077 53255 3933
27799 58570 5581
29847 45437 1742
18718 32948 2709
2395 48148 2646
28243 59649 5522
32678 37238 472
35020 38507 144
2114 49601 849
2687 51005 2911
3812 34786 4503
21742 59393 4385
8682 38189 4823
35252 58824 2003
33805 47166 2517
3271 41883 2783
38943 57142 1815
21289 57094 2702
23540 58477 473
5789 38189 3892
32285 57686 2751
37808 40170 175
5613 46608 456
20700 53390 306
15571 38641 3553
22806 53075 4206
29741 58337 5688
5907 45938 2864
25968 35232 1781
14771 51737 581
41534 51653 507
25879 49907 3498
39502 59987 1993
24876 59499 4281
3119 33597 5248
9337 31560 2072
27532 50273 1527
11437 56896 4399
10337 40998 1043
4247 24454 3574
6138 45930 3764
33407 59070 2392
30079 37590 1142
24304 56959 3272
51699 55835 425
22287 54767 1419
448 43936 5165
24626 56907 5686
4103 22105 2327
2424 55091 4092
16720 59404 4396
17224 48576 3968
12172 56023 4500
41005 51106 514
3431 32450 5451
11290 51046 5020
5179 54415 2292
5708 41634 2833
26926 52162 866
29200 58118 4437
553 15469 1720
36358 50534 842
6018 59521 3495
1631 57676 161
14631 52358 5077
25920 38397 2126
28614 59808 2668
19960 41177 4006
9683 40926 1008
28914 55607 4706
12417 49884 618
5179 32178 3933
23190 58510 4522
10885 59676 3131
167 40701 3912
779 52424 5569
28941 56036 4739
19237 47485 4018
7903 49802 5637
19774 55467 4384
3253 42274 3399
20051 42226 4328
19662 58589 1939
20318 38301 1503
9928 40655 3205
8311 42146 3528
40319 59046 2328
7880 41424 4919
19428 28119 42
15599 52337 3621
17443 43195 3867
5898 49379 3356
48116 55253 200
34254 58534 3236
49876 52840 256
11444 44244 1777
12 43215 5884
13828 54831 3118
4101 35426 3211
14044 50567 3998
3674 42458 4866
14599 55943 4299
21527 48532 899
39254 58608 355
34377 48413 2749
43050 59389 898
10694 33619 3857
4408 17575 157
50497 59272 722
29405 57690 5380
253 27118 5304
26260 46255 2660
28562 47013 3624
25143 53614 3028
8905 40405 1170
11351 36073 2662
14402 56952 4886
16770 18007 183
15572 40415 4790
6323 42430 4483
16654 58630 5019
9271 58658 5229
17224 50089 4788
20610 48890 4402
4373 41203 4056
17283 59002 4315
30886 57755 3035
12725 58181 4889
14216 59852 329
24192 52603 2178
4854 33973 2321
29560 55388 1765
48590 54693 82
6208 38369 5521
34841 45262 1900
21621 58324 2599
10235 35133 172
23140 54335 3780
9203 40449 5210
29609 56678 4345
8338 35490 5357
6103 33190 4485
11368 42602 2720
4775 52813 4310
10356 50739 2836
1467 53008 5187
297 58734 3768
2499 56937 1367
13526 33547 3770
18386 51272 485
28849 55527 3381
18614 47789 656
2664 40449 5041
3341 26806 821
3191 25685 4430
25294 46352 2467
36653 58160 3234
18179 56200 1808
16448 39124 3812
8891 51993 219
13694 46496 1611
17109 28273 775
10862 57097 5723
8670 35495 1241
39780 55911 1991
29072 41819 2438
9899 44508 4292
16662 56051 4243
12567 46611 1708
2145 45460 1363
4509 28715 2482
6751 25059 2193
12300 17142 29
17386 42862 5010
3182 45968 5532
25023 48531 1667
25905 45624 1570
2714 58225 3451
6618 39104 3929
25208 42552 2913
17675 51828 3273
20426 52260 5912
1513 25887 4061
10934 41178 5305
11953 48216 3434
35104 46520 817
38866 56321 237
23829 45358 2590
6833 54703 4837
17435 51779 5757
13926 57680 5197
1213 40532 5835
1935 29544 3119
27966 43416 2174
12942 59320 4354
16818 57991 5747
28121 50038 3392
40908 56692 3048
4535 50924 3734
5116 27022 3920
19544 49019 5765
3820 54262 4431
4099 37562 3495
11333 41820 2931
13596 49460 4796
4969 57225 3068
24373 47248 2359
7655 59346 5187
15779 59816 3071
39935 54715 1936
32706 34013 230
7670 14435 872
25330 49517 482
37715 58488 3832
11284 46429 1710
112 36804 5615
36637 57983 3052
3264 35888 5142
11612 52336 5851
42507 45104 496
4719 57205 4035
23515 40670 2580
19816 49408 4096
4637 56980 4534
16382 48508 3834
24369 57260 4868
3228 54746 2540
4555 44477 2027
13963 49384 5681
32605 58964 554
42086 54784 2447
27954 49633 4019
26279 36362 1940
25092 59127 3191
25502 49320 2971
11326 52096 2114
23425 38940 1435
24870 56460 4669
9424 24300 1810
10229 42817 2770
24054 40216 2824
16275 57775 1696
13198 39952 824
15895 48196 395
1144 45692 3522
1700 24214 2090
17967 45658 3565
21682 51763 4799
6489 26331 355
713 25876 4814
15683 27174 2242
1666 45292 5148
17231 47064 4104
14531 50389 4326
7994 48816 4300
5442 57723 4606
38001 55537 2782
28626 57326 3311
28082 53070 4125
13645 59000 5638
5155 27585 3469
37602 54062 3135
12307 57244 2764
27529 38326 339
8189 53003 4793
9055 55120 5633
26994 54179 4083
31188 38256 473
28750 40446 760
30813 59336 313
16419 42545 2696
14279 49582 2791
12009 44402 1420
6380 37349 2538
26253 57284 5486
12901 47405 741
3970 59628 1775
49273 54631 101
1975 45553 1760
35175 56205 3981
11633 41016 5537
6906 26901 308
2189 14160 1068
14303 40248 919
16030 42058 4880
21519 48693 3157
38034 53407 2581
35626 56958 2463
34803 57979 2315
35920 42031 1163
9382 58992 3222
34270 49413 948
370 38711 3047
25852 51604 2003
33066 43638 1833
31332 59438 3149
3950 27009 1965
12563 43905 2244
34015 59361 1085
10828 52464 5512
22480 53731 5243
7694 52295 1637
23580 41679 3562
24134 56271 4121
13100 39355 2391
3385 49274 5395
28561 54975 3870
7041 28979 567
20573 57696 3543
17832 29575 580
20288 42328 720
2088 43984 2203
3413 22849 3434
50389 58698 969
2574 37048 285
11263 56244 3172
35816 51023 1774
6138 35690 3730
8778 37130 2430
24585 57367 2853
772 16824 2088
19527 54188 3789
6664 59775 5565
38874 57234 1953
22636 45907 4216
19126 58321 3007
6695 45042 4388
150 58403 5563
9098 25485 3041
9490 37714 4363
27650 47943 927
30336 55107 3243
11357 52480 3445
14281 36860 2482
39563 57264 1717
5021 41821 1390
8212 38166 5422
21956 36780 2856
5672 50588 4633
21458 35459 657
10998 34648 3781
12120 48078 5592
13729 36333 4385
1468 16699 305
4671 56309 3801
8184 40544 4961
13242 36843 1319
6958 55614 1955
6009 27795 649
11737 43349 4362
16391 49350 5273
28872 45380 2978
24439 46433 4214
6729 55167 1318
12171 53090 1334
8594 55087 5056
10917 21031 1815
17163 25966 1039
38040 52212 2405
9387 55137 4137
50848 55019 319
7335 34129 5268
17600 29820 1138
15834 42851 3619
778 31096 1511
6645 44794 3912
16304 41416 3470
38923 50746 2066
15020 50854 5324
21724 49916 3513
49248 59046 236
22640 54679 1563
3674 58274 4857
39590 57677 147
8904 53835 1007
13160 43603 957
10477 20551 123
17465 50974 5685
12068 34997 2244
4059 50471 3385
24569 49556 968
5595 58494 664
7914 41844 5458
12200 39290 5331
38276 51614 2236
443 16594 1043
11953 24707 2318
8409 23850 1434
51819 56069 661
38395 59017 3629
46240 53230 190
23831 42501 3547
15662 57462 3027
12657 44778 2974
4790 51961 2690
5288 56933 2817
13576 41898 805
14396 35806 3278
6663 51604 4562
18014 48511 3147
762 56352 4136
19465 22081 120
37666 59530 2532
12694 20818 166
12356 34768 3939
22293 54799 4901
19753 48907 1219
4890 14001 1409
45399 58504 1396
1650 3677 286
466 53896 5032
12801 33919 2766
42884 56166 840
45393 52054 125
12912 33405 3972
27884 45029 2611
18486 52511 2673
11277 30759 313
13 16 17 11 13 13 12 20 11 20 11 12 16 11 20 17 15 14 15 10 17 20 18 14 16 16 13 15 18 20 13 15 16 17 18 17 11 17 12 15 10 19 18 16 18 16 13 16 14 15 19 13 19 13 20 19 11 14 18 14 11 10 17 18 18 16 19 20 14 16 19 10 14 11 13 17 17 12 16 13 11 10 20 17 11 12 20 20 14 18 20 15 10 16 19 13 14 12 15 11 10 13 11 10 15 16 13 20 11 20 10 10 18 16 20 12 18 10 15 14 12 12 15 20 12 17 18 17 19 14 11 18 20 14 11 13 13 13 10 12 11 16 14 13 11 14 12 18 10 20 12 14 15 19 18 19 13 15 13 17 12 12 16 18 11 20 15 12 18 14 17 18 10 17 12 20 19 15 17 17 16 18 18 14 12 14 19 14 13 10 15 18 15 19 15 11 12 14 11 15 20 13 19 11 18 19 19 13 16 11 10 12 10 19 14 13 16 17 16 17 18 11 19 10 19 19 18 10 13 10 16 12 20 12 15 16 13 12 16 18 17 19 19 14 12 13 18 16 13 20 18 12 15 13 16 17 10 12 17 17 13 14 11 11 20 11 19 10 15 20 15 20 18 17 14 14 14 20 14 18 12 19 19 20 11 14 20 14 17 11 14 16 11 16 19 16 17 13 16 18 15 10 20 13 19 12 14 19 17 15 13 11 14 13 19 10 10 14 10 15 10 10 10 20 11 14 13 10 10 17 19 16 16 18 14 16 17 12 19 15 19 10 17 13 16 18 20 16 17 12 19 17 11 18 19 17 11 15 12 10 12 18 20 17 17 10 10 13 14 20 18 19 11 16 19 20 16 10 16 16 20 13 15 16 20 11 12 18 15 15 17 18 10 20 18 13 10 14 17 10 17 14 19 16 14 15 19 10 18 10 15 15 10 18 12 19 12 10 14 19 20 10 16 20 14 18 15 10 18 12 12 16 19 18 14 20 18 10 12 10 17 13 14 17 16 18 13 17 16 15 10 15 18 11 17 18 10 20 16 18 18 18 15 10 15 18 13 15 10 13 20 11 17 14 20 10 13 14 19 19 20 16 20 14 19 18 14 17 20 16 17 14 14 17 20 10 17 13 12 10
13 15 16 14 15 19 15 16 20 20 15 15 14 16 19 14 10 11 20 20 18 16 15 11 10 13 12 17 17 20 12 14 15 18 18 15 14 19 17 11 15 12 14 13 19 16 11 11 11 11 10 18 14 17 18 17 18 15 13 13 14 10 13 13 15 17 13 12 15 10 12 10 16 17 14 11 10 17 12 15 13 13 16 13 10 14 10 15 11 13 11 11 15 10 19 15 18 10 10 14 13 13 10 17 19 12 16 10 14 17 15 18 17 10 15 18 17 18 14 13 19 20 20 20 15 19 18 13 15 13 15 12 15 11 19 18 16 19 19 17 19 15 19 11 16 19 17 15 18 16 14 10 16 11 10 15 10 20 14 20 13 11 20 19 15 16 17 17 15 13 15 15 10 16 20 14 17 19 16 13 20 12 14 19 16 16 11 19 20 19 17 16 11 20 10 15 13 20 18 15 12 12 18 11 20 16 12 12 10 15 15 20 11 17 11 16 15 13 12 15 20 18 20 10 13 15 18 18 16 12 18 18 19 20 11 17 15 11 11 14 12 13 17 15 17 14 20 10 14 12 12 10 10 16 18 14 10 17 16 11 13 20 12 20 20 13 16 15 14 12 16 18 16 19 19 16 19 12 18 11 19 16 11 17 17 11 17 13 16 13 17 16 18 12 12 11 11 16 17 16 20 18 19 11 13 17 16 13 17 20 13 18 20 16 17 12 10 15 14 19 10 20 10 18 15 15 13 13 11 20 11 20 16 10 10 10 11 20 11 18 17 11 12 11 10 18 15 18 13 18 20 11 11 18 19 15 16 20 20 10 11 18 14 16 20 12 20 14 11 15 18 12 16 15 14 16 17 13 10 16 10 15 14 15 15 19 17 18 13 13 11 16 10 14 19 18 12 11 11 17 11 13 10 16 14 19 14 15 13 16 13 19 16 18 17 15 11 13 12 20 10 19 12 14 10 15 19 11 14 14 19 14 14 13 19 15 19 11 10 14 20 10 19 20 13 14 16 14 19 16 12 16 19 16 10 15 10 16 20 15 18 14 17 19 14 20 17 19 15 15 18 10 10 13 20 15 14 17 10 17 18 16 18 20 12 10 15 19 15 12 17 13 12 10 19 17 11 14 12 17
20 200
