2
2 2 1607
2 2 1499
500
15211 59883 5665
1811 37315 5366
3396 26765 3872
7102 40284 5451
3271 30650 3939
15694 53721 5440
3158 40661 5946
22788 51722 3475
4457 52231 5841
2917 42579 5355
21639 50361 5700
14888 53537 5932
9031 33176 4239
2323 33422 3417
40093 59331 3496
10909 50882 5921
29224 50021 4036
10119 59977 5821
33220 59667 5061
15104 55063 5477
9427 28898 3799
27222 55193 4105
1661 55302 5304
8370 51279 4644
19636 51160 4439
22997 59421 5595
26262 50412 3308
13924 47652 4652
27825 56277 3897
10163 57846 5593
4089 32699 5015
15519 47626 5583
9500 36389 4007
25601 55087 3693
18457 48478 4727
3779 36012 3743
15423 50419 4601
4133 24751 3461
28715 57103 3877
29014 57771 3161
14140 40884 5087
14048 56548 3739
32166 57676 5037
7863 39608 5935
10129 45725 5713
14539 32715 3183
9561 36784 4526
17606 42110 4358
20583 56245 5252
6994 40111 4352
6077 39739 5864
15389 40221 4235
27940 57610 4808
17427 39995 3024
3526 42267 5126
11179 43554 5161
16949 53428 4315
17485 53588 5829
25446 59422 5795
26890 55028 3681
16271 39800 4699
19479 48673 5311
20937 58838 5868
15360 52340 5509
12120 41169 5202
26386 54416 5354
33169 58315 3999
9242 54458 5945
10933 35293 3546
10093 46576 5806
1513 41626 3474
14090 52618 3165
16611 56240 5140
15409 47830 4966
17864 49839 4659
24063 55251 4138
3676 49673 5854
18575 42624 3397
15276 53254 4764
36546 59471 4057
11795 52459 4017
10546 31963 3308
22731 41670 3575
11476 49291 4999
21422 56717 4673
25335 53926 4929
3515 54742 3697
6366 56284 5227
36191 57908 3611
22986 48548 4718
34189 53785 3836
8108 45849 5729
1957 34831 3962
36787 54371 3111
5700 37975 5733
7907 49614 5097
17101 38819 4020
13632 49089 3738
3274 29879 3557
5904 47581 5617
15432 40938 3673
17643 47207 5049
15972 40880 3427
5121 46160 5013
18938 52942 4877
16772 56936 5373
15760 45732 5686
11940 49726 5428
4659 30897 4614
15424 39122 3334
3387 38121 3664
25015 55386 4901
14733 40201 4750
22519 53823 5534
25368 51881 4160
21268 47353 4115
35636 57628 3614
119 59081 5806
17159 58698 4855
17199 49738 4486
7842 52504 3532
1930 29423 5437
6000 36024 4663
3988 45379 3034
25936 54288 3566
22053 50699 4764
3808 34188 5952
31217 56310 4474
13989 59701 5649
25103 42700 3084
33856 53159 3353
15474 58123 4014
20892 45487 4005
34884 57136 4358
17723 40697 3238
6287 35725 3066
4097 54323 4802
6799 43327 5791
12436 57475 4275
2114 32492 5681
17392 40669 4464
5632 33847 3152
12465 46632 5696
3460 51033 3963
6006 41149 3021
4620 56247 3903
2252 57882 5779
4416 50668 5496
5005 58448 3357
5938 56725 5581
29284 51855 3924
18772 48906 4931
8161 59741 4333
37469 58123 3174
27849 59534 5352
30083 52364 4222
4426 33070 3074
11142 39105 5580
12584 46982 4726
14993 57075 4803
14826 49504 3019
7204 55150 3707
38835 58673 3635
26675 50760 3196
9075 54497 3176
12773 55315 5315
9538 36892 5151
13180 54327 3946
22962 53472 4202
13422 39636 4469
12304 54778 4958
5189 39872 5619
20683 48860 5295
9158 42491 4422
9330 31022 3571
2242 51677 4228
16304 58334 3196
9421 40570 4175
29188 47094 3445
23802 58281 5564
4435 31782 4230
4999 36607 3615
10565 36638 3844
8149 41030 4366
19060 46616 5164
9342 34882 4006
7152 44757 5867
10594 47880 3091
2221 49894 5015
7115 51104 3321
1331 28741 5346
15260 55736 3185
14405 48735 3959
12242 49681 4442
13887 52185 4343
7075 50961 5426
31342 57653 4109
14572 37178 3865
27334 58741 5027
8675 47867 4358
24963 45190 3607
7244 39211 5281
18511 42253 3537
21642 54804 5710
18422 47827 5344
25129 56066 4086
4215 56707 4516
30189 55220 4000
27285 55973 4010
33931 55691 3951
19395 55276 4065
28320 56300 4341
23300 50109 3350
983 36689 4038
5533 42732 5987
2677 56772 5748
20651 54980 5767
9475 55264 3419
17747 57141 4290
8916 36886 3913
23431 52211 4943
8334 45435 5102
14554 38058 4603
11018 45384 5335
22293 50909 5016
12468 41519 3548
16142 41222 3152
12612 56392 3943
15481 57450 5425
11709 46221 5647
8138 53405 3850
5408 49099 5088
6635 56959 5862
27376 56116 3098
12307 37256 4656
34397 57643 3313
4295 35173 3976
10652 53642 5301
2713 42552 5369
31392 57693 4762
5157 52983 4992
11123 57298 5090
7515 43704 5416
23227 57891 5136
9458 41100 3453
6298 43287 4022
7474 47857 4944
22727 52721 5651
33997 55938 3505
14454 47558 3635
13836 49254 3366
8873 48152 5844
6744 53716 5659
6080 38765 4790
3930 30265 3701
27413 55466 4918
1398 34258 4958
30463 49755 3659
8860 54833 5157
26939 54969 3934
1773 29470 5150
4923 37637 5281
15293 47818 3148
26043 54837 3403
28749 46109 3018
2956 35936 5506
6141 36020 4593
9056 28657 3887
3765 50803 4951
5086 27407 4252
20938 56753 5707
6450 50444 3394
31804 58573 3754
2905 45695 5780
4751 40622 5641
10258 54374 3313
23738 59391 5075
9417 36213 4672
15415 52777 5942
30321 52573 3900
10662 41702 3659
6073 54208 4609
12553 50953 3964
12079 45247 5876
17072 39849 3210
17197 51416 3707
26665 47458 3000
2729 32996 5112
8927 40427 4891
8527 38966 4523
23082 49756 3626
763 27094 4285
2266 45988 5945
20289 39278 3413
21457 49050 3342
83 46435 3492
3527 40102 4991
20309 58296 4553
23437 54851 3370
22818 40775 3119
12098 55394 5675
313 29817 4520
2144 56935 5945
5718 33134 3537
16469 45869 5432
14422 55792 3764
20279 51884 5659
4246 47749 4107
38919 58806 3843
14506 49623 4566
3703 38401 4394
32376 55831 3197
3037 34550 5860
17384 55581 5310
5178 48360 5109
16897 48648 5471
22848 53993 5527
4113 33977 5739
24023 54788 5804
21528 47629 4155
21736 49758 3398
31313 58066 4850
3649 47214 5458
13534 42987 5498
23740 50214 5132
1780 49983 5045
1421 25639 3558
36569 54228 3382
13459 42323 5631
34331 54819 3302
20200 52488 5334
20863 54928 5804
27213 58292 4113
11866 56936 4421
28504 50389 4113
16922 45757 4753
23303 51763 4856
11411 51338 4437
79 48673 4297
38992 56523 3383
26352 59924 5560
10669 44385 3292
3796 40169 5825
22700 57125 3105
16953 55379 3775
10596 47433 3274
907 58928 5045
15943 55357 4089
25844 51043 4352
28428 52899 3460
13976 53559 4803
11344 41244 4737
29668 53246 4276
20989 48962 4883
23995 53250 5699
11859 40644 4167
5939 49555 5370
6129 59015 3208
14058 50366 5982
23135 56946 4999
30092 58783 3923
35727 55088 3297
5482 37232 5845
1579 56958 4566
21879 57919 5623
19024 44602 3260
9545 48991 5719
21262 50223 4423
20498 48023 3866
28187 57072 3493
11553 49088 5417
6853 43790 4311
9560 41333 5057
35279 59512 4016
9188 56738 3023
7578 52593 4891
12888 58814 3457
24883 55789 4528
734 50449 5680
18932 46901 4801
16617 42244 3248
13722 46033 5585
12002 55278 5706
12157 39162 4162
37645 57091 3293
6706 39660 3042
6887 43422 3812
10323 52089 3544
4268 58532 5753
25343 49500 4664
27017 59124 5155
18958 45899 4646
25976 59813 5894
13559 43798 4194
14247 43665 5341
10623 38313 4865
11610 41607 4900
16227 38466 4058
21697 44947 3190
31318 55272 3237
35941 57939 3075
795 31970 4343
3642 56957 5199
29129 56475 5434
11555 37168 4917
15673 58140 5272
31054 58280 4766
19863 59326 3203
32029 56347 4621
24040 50518 3165
7812 42692 3054
22303 49509 4017
7218 59645 3168
6406 59566 3314
4504 39877 5465
26588 51645 3444
5201 35937 4329
29443 58934 5045
20232 54961 5122
13132 58524 5427
7221 36239 4415
2407 56989 4637
26503 55660 3572
3695 35296 3497
13154 48571 5407
11341 56515 5112
19213 50305 5914
724 36960 4115
21667 57939 4821
23243 48658 3444
30605 59598 5146
21430 57490 3373
6240 43450 4319
6802 50274 4789
9582 45367 3687
18757 44517 4012
7426 34403 3211
17112 56840 4862
863 49699 5226
4773 24614 3213
12341 57944 4406
7527 37670 5950
18970 59753 4012
7500 39546 4462
1996 43951 5207
21618 48533 3133
20407 51798 5646
12679 33803 3505
15893 46892 3624
18923 40569 4221
25071 56355 3659
23690 56930 4381
32460 56119 4377
6594 26364 3537
17491 45784 4214
6443 28084 3607
8829 42259 3909
11547 37193 3186
34709 55382 3436
9196 46679 5746
10249 57625 5899
23869 49379 5045
18816 42744 4470
1197 37082 5664
3513 50066 5428
27688 58224 4184
29252 48003 3338
16753 39030 4425
1733 45762 4742
3882 57820 5466
5127 55243 5384
23556 58007 5157
3680 42497 4592
17628 45773 3290
8442 54668 4701
8711 56148 4800
17985 50402 3159
29470 51586 4044
14924 35955 3082
14743 53220 5172
14058 56615 3631
36268 57445 3508
17575 53531 5154
611 30188 4986
2997 58938 4507
11021 41588 4619
2818 34735 5406
11653 51599 5592
12118 53906 5463
8686 44421 5575
11987 45309 5666
28948 56324 3213
7543 44168 4653
3726 36620 5913
9524 59578 5630
19911 56567 4468
3257 40681 3459
17145 55144 5915
19899 58849 5919
16624 51416 5469
12 10 10 19 13 12 11 12 12 12 17 18 10 10 14 18 16 14 14 13 15 11 20 18 19 18 12 11 11 14 17 20 16 17 10 20 10 15 13 14 12 11 12 19 12 15 14 20 14 14 12 16 16 14 12 12 12 18 19 11 19 16 15 12 16 20 13 11 18 14 16 20 13 20 10 20 18 10 12 20 13 11 10 16 11 16 17 16 17 12 12 10 17 20 17 16 18 17 12 13 16 14 19 11 20 12 12 20 13 12 20 18 16 10 14 13 16 19 12 19 16 16 14 13 15 17 17 16 14 12 14 16 19 16 12 18 14 12 17 18 13 17 10 16 18 10 13 15 16 18 14 13 20 15 14 14 16 17 10 20 19 19 19 14 10 11 16 10 13 13 16 13 17 13 13 11 16 16 19 17 14 14 18 18 15 15 17 20 10 17 14 13 11 18 10 12 19 19 15 14 16 18 13 11 14 16 14 20 12 10 18 10 13 11 14 20 12 12 13 17 12 18 11 15 16 10 17 12 10 13 13 16 12 12 16 16 10 13 14 12 18 19 20 18 13 20 11 15 12 18 12 12 17 14 11 19 15 10 19 14 10 20 16 13 16 12 13 16 14 13 18 19 10 19 11 10 12 16 13 17 15 18 11 15 19 20 19 15 13 19 18 13 18 15 13 12 13 12 17 18 12 13 11 14 17 16 17 17 16 16 12 11 17 20 15 14 18 12 15 11 11 18 10 18 10 20 19 12 12 12 14 15 18 14 10 12 10 14 15 11 15 17 12 10 14 15 10 18 20 15 14 20 12 18 20 11 11 14 10 17 14 11 11 11 19 18 11 19 18 11 13 17 15 20 15 13 11 17 16 17 18 20 16 16 10 12 14 18 16 13 14 20 17 16 18 18 12 16 19 12 17 17 16 15 13 13 16 15 11 10 18 11 10 17 14 17 10 13 18 15 20 16 12 17 18 15 16 19 12 13 20 17 18 13 16 14 10 20 19 14 14 15 12 16 13 20 12 20 17 12 18 12 18 18 15 13 18 12 19 10 13 20 15 12 19 17 18 18 19 11 11 19 12 17 17 13 19 17 11 18 15 11 15 11 13 12 15 13 11 19 11 14 10 14 11 14 18 15 16 13
13 14 12 14 17 20 19 15 19 19 20 17 20 10 13 16 13 14 19 14 14 13 13 13 15 16 14 10 20 10 15 12 17 20 10 16 11 11 10 10 13 14 14 17 17 20 10 18 13 12 11 11 13 11 14 15 12 10 19 18 16 20 16 17 10 11 17 19 13 18 12 11 20 11 17 16 13 18 20 19 19 19 18 14 13 14 20 10 14 14 11 15 17 13 13 20 16 16 15 11 14 20 18 20 18 10 10 10 19 17 17 10 19 13 15 20 14 10 20 14 17 18 17 15 16 10 13 10 18 16 16 15 19 16 12 16 13 14 12 19 12 18 11 20 14 11 16 10 11 18 13 18 11 12 15 18 16 18 16 11 18 20 10 16 18 15 10 17 16 13 10 10 15 18 11 19 12 12 19 13 20 13 15 15 16 19 17 18 13 11 12 20 13 13 20 11 14 17 16 18 13 18 11 20 14 17 11 10 11 13 16 11 11 12 18 18 17 10 12 12 14 18 15 20 11 15 14 13 19 10 20 12 18 11 13 14 11 11 17 11 16 15 20 11 18 20 17 12 10 14 13 15 18 19 13 19 18 13 11 14 15 18 14 17 19 14 18 13 11 10 14 12 11 11 14 18 11 10 17 11 14 12 11 16 10 18 17 19 10 15 16 15 14 11 15 19 16 15 15 15 19 12 14 18 20 17 10 18 19 15 15 11 12 20 12 20 15 16 14 15 15 14 19 16 20 19 16 16 18 16 14 18 14 19 13 19 18 15 14 14 14 12 20 20 19 18 19 20 20 13 11 11 11 10 11 17 17 18 14 20 20 20 10 13 15 12 19 15 16 13 15 17 15 10 16 17 17 11 19 19 10 15 18 19 14 16 10 12 20 15 15 18 16 10 20 19 20 10 15 13 11 13 17 19 17 13 11 10 15 15 12 19 20 12 13 20 14 16 19 19 11 14 14 15 20 15 15 16 15 16 14 15 12 12 20 13 11 15 11 14 12 19 11 15 19 12 18 13 19 13 16 14 20 10 11 11 11 14 13 17 19 14 12 18 17 10 18 15 18 18 11 16 19 12 10 13 11 15 10 15 18 11 16 16 20 11 14 12 14 16 18 12 17 11 14 19 12 11 11 19
15 150
