2
1 1 1000
1 2 1000
500
14326 26831 642
27856 59140 5824
9970 34999 2962
31452 59767 4484
909 32071 4900
22633 47932 4653
28381 56059 1699
24331 34832 77
37577 49257 2111
36349 59394 4586
7519 20427 308
23451 50959 367
857 37201 2001
33725 38664 842
55984 59927 78
9207 31481 1130
25656 55015 5696
43332 54962 1817
12474 42765 5174
7550 59390 3899
26922 54802 3972
2945 26662 4074
14123 43773 3865
17201 57524 5987
6585 19398 906
13553 35043 1211
26275 54249 4932
5403 44861 2831
21076 28259 528
32742 56797 272
6642 53206 4318
21765 46449 4296
9698 57304 5525
30299 47998 2731
10557 48829 5493
30939 49652 3740
5413 43457 5281
207 54171 5782
21598 53104 4115
48850 58190 904
38614 56044 2827
36856 54722 490
55919 57710 312
26496 33407 1304
38913 58578 404
38256 58586 3255
1663 46171 1283
21963 53105 5154
12581 59105 5313
13119 43903 3930
34901 55333 3116
8385 36931 5333
8322 19276 1467
35241 51935 14
17096 56856 4693
13003 49640 4642
17813 49463 3991
17453 58086 5996
30114 44391 75
18613 42481 4350
17267 44901 4254
17251 42601 1532
5186 53337 3131
28592 34412 1125
48804 53482 21
34638 54764 3566
4380 32993 2821
30165 58547 5567
13477 53849 1724
21386 33937 2069
32607 57614 4609
25729 51184 4614
31029 55401 4361
38078 54519 83
5013 35281 3187
15200 48548 3048
9987 50933 5377
23752 45510 3170
25488 58659 5196
20042 49082 4804
13174 56549 5751
10484 34071 4478
4584 32635 4651
49372 59383 873
9750 30431 439
44103 58146 2746
36044 50294 1821
3622 46919 2073
29779 45878 879
28850 46463 1471
27326 47829 2041
15951 56833 630
24093 59047 4566
26204 52372 2712
138 39172 4740
29926 54018 4115
13621 39710 3133
19520 40244 3447
3830 53077 4818
34760 49899 2850
13482 49185 5498
31317 59894 2544
12382 41046 1575
16339 46548 4881
45787 52512 201
17334 36486 3054
5601 40806 5287
16450 34655 2865
136 37265 2098
15245 47052 4837
52205 58276 907
33911 58891 4536
23910 58838 5368
3829 59073 3595
31110 47197 2795
16211 32595 790
51262 59940 1682
16039 30278 2536
9476 44109 3023
3270 29739 3692
38438 59409 3582
21438 56727 5702
15060 59282 2578
39034 42189 82
23548 58132 5741
40530 59473 302
30280 54120 1336
37204 55407 3464
2430 37092 3690
39128 46439 1353
28533 56312 3092
38121 59881 4306
13377 43276 2421
29346 56664 4370
23268 38363 2581
37746 52765 2370
45549 57751 1003
31380 52430 2281
13689 50946 2620
22653 57025 3361
10729 48877 121
32949 58565 3636
34717 59994 5031
26065 59525 5262
39777 59135 3681
17197 56115 2333
3048 58491 1177
7860 58831 2693
30102 52049 3087
24322 57071 406
1675 26537 2274
29860 59419 5882
15027 59437 1294
50605 59154 868
23222 57218 3851
35804 41688 546
6722 54160 5038
4696 33349 224
18155 33239 2044
43490 58999 948
27396 37241 946
47102 57749 377
39620 58401 3538
17587 41799 2126
24964 50077 153
1675 50626 319
18837 50725 5031
687 47423 5359
14590 48835 3002
3792 26907 3774
19874 44588 4580
17098 56403 3575
37278 53819 2225
29936 55587 4977
1486 19629 898
3766 54667 5812
18022 51796 5083
29776 58055 4624
624 36376 4862
8168 53561 3131
3420 8876 433
36067 47895 27
48487 59985 1289
11889 42504 5736
20628 39048 2863
1789 43129 3486
21924 59575 5780
6633 24389 216
24804 48451 4110
33449 49617 3078
34476 50854 3215
28100 53589 2509
16369 47362 3097
33093 51103 3064
54739 58525 477
30247 51170 3290
7920 39794 5217
22154 40816 2192
14571 29132 1800
12868 59022 2678
969 39734 4979
6794 54724 5652
31773 58409 5276
9442 40586 4713
45491 53737 675
28984 34007 390
20059 51634 5105
11643 53599 4929
46752 59355 680
32043 53466 3309
33563 52216 2272
31777 59882 5456
40119 55684 2884
7389 43324 2785
2643 30273 3079
1277 22138 3548
18178 54449 5755
2699 56725 1580
12306 48766 449
35153 51225 1485
46444 58478 1997
28514 58053 5865
3552 39027 2680
41905 59877 2719
5185 35470 4433
34593 51854 763
47183 50014 275
19744 55693 5809
36061 52140 2238
6579 34716 3825
24938 35910 2010
13677 56950 1922
21446 51305 2365
1018 45767 5598
18257 50651 543
1549 54000 311
38946 54711 2307
11618 28023 691
25281 29602 491
25951 58251 5844
13389 44412 4675
9152 40228 3070
8899 29415 882
8652 29144 2261
16160 44330 3813
9818 52633 4653
38024 57916 3794
51030 55219 626
31318 53250 1432
30289 41501 1064
441 25427 3799
19430 48684 5803
29087 58992 5287
29322 50844 1880
32245 51884 3818
26230 50268 4099
28682 52904 3032
38675 58932 3894
23659 50640 5350
44426 59114 665
22399 49263 5275
27800 55931 5239
6240 44630 4101
5882 57366 343
35635 56547 1887
865 34069 2397
17464 54169 4072
35522 46648 270
3583 25441 1382
28851 58550 5446
11361 34360 881
36968 56505 3701
25080 59105 4201
8852 45299 2232
35207 45712 1808
32219 59326 5082
11520 43469 4855
11173 50565 3386
10251 22249 2018
11666 56156 4827
15875 34124 853
25247 47736 98
34578 59759 146
3598 30670 4981
46269 50322 154
21530 31633 868
3538 57866 5849
29317 51754 3610
38872 59883 4200
10542 57288 3877
31999 42227 1842
23481 59311 3728
45458 54039 376
42134 55537 2604
47313 52925 225
46570 55056 1212
53203 59811 1015
496 40518 5294
21327 42853 4290
27480 52237 3887
15709 43023 4465
3523 37166 5601
14054 42023 3256
33394 57419 4055
29943 57788 4838
16865 42079 2452
23240 47291 665
12740 53732 5149
43146 55822 1182
11594 42840 470
8000 13839 229
38590 57247 3434
12903 44279 4689
35335 50169 1783
332 38568 4105
30255 49871 844
16016 59685 2826
33124 55019 3557
46481 59771 2625
16714 30777 1523
34502 56285 1820
23456 53745 5608
4238 36043 4288
30849 32075 91
4577 32422 1430
19451 59011 3889
29680 59645 3379
5037 21964 171
5516 35123 1400
8402 38730 3068
9272 35992 5330
5230 23740 559
36263 56234 3837
17253 59338 2689
10751 39927 1796
4463 45376 1229
17493 51332 4784
28293 59155 4334
52112 56818 812
22441 51770 5824
7525 49992 2973
34894 46006 869
4410 54899 3146
7288 58279 1383
37957 53996 1710
39766 55826 28
16119 33813 563
3615 38128 33
21819 40154 1257
18185 32361 2515
15973 51364 1735
31539 52724 2525
32329 57559 3915
3373 13651 1669
53471 59947 1262
27591 47775 1818
19761 41408 595
54803 58168 127
41316 53153 1372
31931 35583 613
42468 58196 3016
18229 47309 2185
9039 58572 3405
34439 58286 4605
2972 46106 4666
29964 59229 2703
33847 57241 845
37621 59597 3415
27466 52108 2217
49872 54097 93
1942 49769 5512
10299 41399 4686
21575 39836 1239
4785 21348 1672
1419 20570 593
49454 59380 1973
20576 44572 4140
13423 38124 636
4842 34280 1602
52740 58737 1039
22248 59763 3330
24265 49554 4408
30836 56462 3096
40658 58473 2446
9788 44108 1733
10597 36471 4415
29554 56827 3303
6374 46727 3756
7288 49691 5698
7773 40752 5675
14390 40681 5201
3918 35738 4966
39277 57709 2515
58150 59590 153
22510 45421 3456
4896 37608 3562
4950 24950 1658
21473 58406 4215
676 27272 3724
7483 30469 3487
35647 56092 3670
8315 17333 1382
20895 54763 4718
32228 55326 201
32386 59390 2996
24057 54362 4802
27028 48707 3280
35526 53028 3100
11162 57226 5829
12390 57620 242
2769 34959 4000
34446 58135 3176
27309 55482 2714
22256 53910 3818
17772 47829 5546
6000 53144 3066
11222 44735 2792
7544 20057 2209
41784 50648 1003
2912 7204 9
14880 57052 4494
39876 57714 2213
31938 53732 3754
23124 57882 5421
19428 41117 2385
16806 44188 3425
44344 57574 1673
25876 56604 3825
23215 26699 400
2268 34595 1123
35125 59617 4871
10588 35311 1382
40404 59873 3654
40958 52181 1136
45637 58902 2431
46367 59860 2331
16056 43633 4737
41842 52763 941
26397 54562 4370
44289 59814 3058
29517 55698 3172
4027 59179 1857
39623 58141 2916
43461 58638 727
41684 58992 3257
4739 24942 906
28878 43989 845
5555 47771 3255
48605 59821 2145
42141 58503 1966
53593 58766 875
6833 54985 4856
44859 58477 1649
14633 51729 4635
14123 58852 5045
46286 58405 1835
40225 59290 3755
28784 59617 4620
26409 54328 495
851 31172 4647
28981 54472 3502
21046 43435 2661
18041 38706 1551
16698 57547 5807
22773 46665 4173
6769 15578 255
50163 58970 1047
4838 41243 1749
39774 59997 2816
8796 54716 1780
25954 58364 4327
6304 51790 5255
40048 58947 3438
34544 56358 3275
6301 23979 2170
1502 9212 97
11923 51676 2232
36772 51331 2386
14257 32569 3182
26451 57309 3838
5603 45540 5497
17827 35940 3587
26583 52472 1874
54908 59361 664
20878 54338 1369
1392 44368 39
38696 47725 238
26592 53211 4043
20557 56891 3739
2330 44471 2545
27415 50276 3760
17270 58039 5883
1097 25093 4606
43266 56883 98
20840 41747 3587
5140 42435 5927
42965 59544 3278
52511 59805 1425
17502 51416 1519
30341 58428 5529
17 12 10 15 16 14 20 11 14 16 14 10 20 10 18 19 16 17 10 18 18 17 12 18 17 12 20 17 13 16 17 19 16 12 10 17 11 16 20 10 18 16 12 17 16 20 19 18 20 13 10 13 18 14 15 13 10 19 15 20 19 15 15 20 16 10 18 19 10 19 16 16 11 16 18 20 19 14 14 12 13 12 13 16 20 18 10 13 19 19 11 10 14 18 17 10 12 11 10 14 16 12 15 16 17 10 10 19 16 18 20 10 14 12 20 15 14 17 13 13 17 18 10 17 19 19 11 14 14 20 16 11 16 19 16 19 13 10 15 17 17 18 12 16 17 17 17 19 17 16 20 20 19 11 12 10 17 17 20 12 20 13 11 12 10 14 12 17 20 11 13 15 18 15 13 12 15 16 18 11 20 17 10 20 13 16 14 11 18 12 13 14 11 10 18 10 10 11 20 15 10 14 18 17 14 17 13 19 11 13 17 14 17 19 14 19 15 13 18 14 19 19 15 10 19 16 19 10 17 17 13 16 15 11 17 17 17 10 17 16 17 17 17 11 17 15 20 17 17 19 15 14 16 10 19 17 20 11 17 14 13 11 13 15 18 18 17 12 20 16 17 16 20 20 11 19 16 16 14 10 19 11 10 16 15 20 14 12 17 14 19 12 18 13 16 13 13 20 11 17 13 16 11 10 20 16 10 14 13 20 18 10 17 10 17 17 17 17 11 10 10 13 17 18 16 19 13 19 11 13 16 18 18 19 18 20 15 16 13 17 14 10 12 17 11 13 14 17 10 12 18 12 14 20 18 17 18 11 17 10 17 11 20 19 14 14 14 13 12 19 12 16 20 19 16 11 15 14 12 16 18 20 18 12 17 16 17 19 19 18 18 19 20 11 11 18 19 16 10 20 10 18 17 18 10 20 20 18 18 14 12 17 14 20 16 18 12 11 18 19 20 14 10 20 11 11 19 15 20 14 18 18 11 10 17 10 20 14 20 12 13 15 11 17 12 15 20 14 17 14 16 19 15 14 17 18 17 13 13 20 19 13 18 15 20 13 16 10 11 10 15 19 12 16 12 17 11 20 18 17 17 18 10 13 18 15 12 20 12 13 12 17 20 12 20 16 15 15 20 11
10 14 20 12 13 11 13 13 18 19 19 11 18 15 16 20 16 20 10 15 15 10 11 16 19 12 18 11 15 10 16 15 12 19 19 10 11 14 11 20 15 11 13 19 10 14 20 15 12 18 13 14 12 17 15 13 16 20 17 11 10 15 11 10 11 16 11 13 19 16 11 20 16 12 18 12 20 18 18 18 15 12 15 10 16 12 15 20 14 13 10 14 10 16 20 12 20 11 20 15 18 12 12 19 11 19 14 20 11 10 16 14 20 16 16 19 11 17 16 17 20 15 10 12 20 14 16 15 15 16 10 14 18 17 20 14 16 15 13 16 10 14 12 10 16 11 20 15 13 18 14 18 19 14 18 14 14 10 14 13 14 18 20 12 13 17 15 13 20 15 10 17 18 20 19 14 13 12 13 12 13 15 10 12 10 11 11 11 18 19 15 15 11 10 16 12 12 20 18 19 14 13 18 15 17 14 15 12 20 15 11 13 19 10 12 20 17 15 17 14 10 16 11 17 11 11 17 18 19 13 13 20 13 12 13 11 15 10 16 18 11 18 16 10 16 20 16 11 20 14 18 16 14 13 13 18 16 20 20 18 13 20 10 11 10 15 10 15 14 10 18 15 14 10 18 12 17 10 20 14 14 18 16 12 12 13 17 20 16 12 10 10 10 19 16 17 18 17 15 19 16 15 10 13 13 16 17 17 12 18 15 10 10 19 15 10 14 15 10 12 10 13 17 11 10 17 18 13 14 18 15 10 15 16 15 10 14 15 14 18 16 13 12 11 20 17 18 11 11 17 10 15 16 15 20 13 15 17 19 18 14 14 16 13 17 13 15 16 13 11 13 10 19 17 17 17 15 18 13 13 14 14 12 18 10 12 18 16 14 11 20 11 13 20 11 17 12 18 15 19 11 12 16 14 14 12 15 18 20 18 16 19 15 13 16 10 20 13 14 15 15 19 13 10 16 19 10 16 11 20 10 13 14 19 12 19 13 11 18 14 12 17 18 20 10 10 11 12 17 11 19 20 12 11 14 17 19 20 11 16 20 10 16 12 19 18 13 13 13 15 16 19 11 14 14 11 20 12 16 15 16 15 15 13 17 15 13 17 20 12 18 12 11 14 20 15 19 12 20 12
20 200
