2
1 1 1655
1 1 1473
500
0 28513 4860
0 27694 5081
0 22619 3755
0 32333 4993
0 10300 1611
0 22094 3293
0 14305 2627
0 22204 3245
0 13850 2503
0 27767 4053
0 14631 2502
0 18324 3475
0 10568 1934
0 27734 5532
0 2174 395
0 29063 5786
0 15420 2210
0 23710 4049
0 36122 5352
0 15406 2535
0 12447 1975
0 22802 4147
0 24108 4432
0 21007 3547
0 38662 5867
0 5182 789
0 8975 1402
0 1716 299
0 95 16
0 23538 3741
0 5555 854
0 7804 1246
0 14040 2331
0 3138 506
0 26751 5218
0 363 66
0 20475 3806
0 20230 3725
0 32778 4975
0 31312 5914
0 32822 5960
0 17513 3030
0 8479 1632
0 612 103
0 32034 5122
0 16160 3164
0 6137 954
0 41166 5951
0 33136 5124
0 14972 2595
0 24654 3675
0 36176 5260
0 10226 1965
0 20554 3311
0 28598 5407
0 8273 1248
0 677 120
0 27016 4024
0 2065 398
0 391 59
0 8682 1421
0 6422 1190
0 97 18
0 13524 2485
0 29180 5762
0 12296 2245
0 10260 1494
0 33138 5580
0 28780 5573
0 15181 2419
0 20734 3406
0 32064 5640
0 8913 1548
0 9219 1550
0 5515 1071
0 29503 5706
0 23488 3916
0 17783 2932
0 8597 1247
0 12281 2218
0 26660 4545
0 13673 2101
0 4057 581
0 25811 4165
0 27078 4063
0 5187 905
0 30578 5817
0 12507 1904
0 23293 3927
0 21490 3884
0 28157 4525
0 16409 2917
0 19274 2900
0 18760 3534
0 17254 3199
0 27225 4458
0 25922 5074
0 23292 4470
0 28994 4907
0 19055 3757
0 29559 5306
0 26511 5001
0 13962 2044
0 27905 4316
0 19278 2869
0 14475 2149
0 25301 4032
0 6518 1215
0 25091 3763
0 27851 5514
0 24207 4630
0 15246 2838
0 13270 2409
0 2554 462
0 11533 1765
0 11777 1935
0 23874 3857
0 12167 2171
0 9024 1419
0 6665 1333
0 35353 5792
0 14228 2109
0 2236 431
0 1300 241
0 11751 1809
0 36278 5883
0 5882 855
0 26319 4017
0 21453 3794
0 8766 1370
0 299 54
0 30935 4959
0 13581 2137
0 23418 4619
0 13354 2360
0 12008 2299
0 30852 5407
0 35458 5880
0 30732 4731
0 11508 1976
0 20388 3600
0 5663 837
0 7441 1174
0 4912 750
0 7791 1539
0 21772 4122
0 14188 2120
0 31962 4772
0 25100 4100
0 15240 2928
0 26378 4623
0 12973 2379
0 7304 1123
0 9758 1573
0 18950 3513
0 14885 2729
0 3958 640
0 29207 4254
0 54 9
0 5679 1066
0 26249 4578
0 24120 4372
0 38914 5848
0 20233 3588
0 701 129
0 5942 1168
0 986 182
0 28885 4402
0 21157 3911
0 11410 1749
0 17998 2773
0 8797 1392
0 9567 1767
0 21767 3119
0 15137 2882
0 35605 5928
0 5637 1016
0 20661 3382
0 30476 5188
0 15023 2323
0 1889 327
0 18266 3302
0 1438 281
0 4935 943
0 7114 1351
0 30763 5008
0 28382 4648
0 3242 563
0 1905 342
0 19567 2915
0 9883 1607
0 15184 2235
0 13151 2121
0 19251 3714
0 13201 2516
0 19834 3096
0 16049 2507
0 21130 4129
0 29269 5381
0 26240 4961
0 6170 1112
0 16574 2565
0 9911 1961
0 440 65
0 22443 4056
0 25072 4370
0 19557 3166
0 18743 3614
0 3723 574
0 14577 2113
0 36129 5942
0 27498 4351
0 14850 2284
0 10070 1642
0 5527 869
0 15001 2366
0 30158 4622
0 15666 2416
0 30331 4780
0 26035 3742
0 13323 2255
0 2511 454
0 28182 5139
0 18711 3468
0 14622 2527
0 28587 4296
0 14617 2300
0 11522 1777
0 16220 2759
0 24883 3562
0 6336 1228
0 20000 3068
0 1276 197
0 23983 4299
0 28900 4737
0 9450 1850
0 37580 5711
0 3482 504
0 28014 4485
0 4526 785
0 23712 3892
0 27326 5427
0 11432 2039
0 12602 2080
0 7374 1364
0 36899 5402
0 26446 5233
0 2839 426
0 9460 1438
0 16977 3111
0 26516 4348
0 26258 4306
0 20374 2972
0 21884 3934
0 7031 1113
0 37929 5980
0 12583 2076
0 36358 5929
0 31309 4764
0 14816 2714
0 26680 4534
0 8900 1296
0 27611 4412
0 33516 5728
0 42 7
0 7380 1371
0 17189 3346
0 3523 661
0 20003 3075
0 33455 5198
0 15629 2917
0 19278 3616
0 29683 4468
0 25807 5033
0 23411 4281
0 19270 3065
0 5350 1033
0 38571 5656
0 2414 460
0 6307 913
0 5 1
0 20537 3301
0 4420 677
0 10726 1697
0 31277 5366
0 27510 5011
0 29348 4454
0 9068 1602
0 7937 1388
0 2695 393
0 27236 4216
0 6756 1279
0 1485 280
0 26493 5077
0 28069 5277
0 26047 4856
0 16338 3035
0 4756 744
0 11126 1945
0 2824 413
0 3498 596
0 22804 3764
0 24962 4670
0 5549 834
0 13232 2095
0 36023 5807
0 14313 2191
0 35943 5432
0 30067 5573
0 7063 1250
0 25585 3692
0 18281 2846
0 37253 5478
0 11830 2346
0 18291 2703
0 17361 2778
0 19168 3226
0 11217 1962
0 29785 4313
0 24644 4254
0 4784 748
0 22256 3275
0 10455 1992
0 22880 3685
0 16041 2436
0 8106 1373
0 18773 3439
0 7962 1288
0 2716 503
0 36170 5608
0 4161 831
0 15838 3101
0 28032 4106
0 3487 595
0 9733 1735
0 27741 4120
0 38325 5557
0 10802 1797
0 19802 3499
0 24200 3760
0 18788 3599
0 21682 3120
0 35342 5581
0 14975 2669
0 32193 5898
0 33150 4837
0 28686 5707
0 414 61
0 22789 4158
0 38256 5865
0 8437 1445
0 25584 4496
0 24076 3755
0 19023 2996
0 15298 2653
0 33615 5280
0 17645 2978
0 26252 4673
0 1530 280
0 16968 3183
0 13339 2563
0 21367 3406
0 22305 3797
0 3278 552
0 24423 4541
0 20356 2998
0 31291 5829
0 37652 5709
0 2203 351
0 8220 1253
0 31464 4753
0 16887 3176
0 31792 5905
0 23499 3630
0 25161 4281
0 12742 1960
0 4238 840
0 8715 1665
0 26145 4565
0 11037 1964
0 26160 3951
0 10006 1528
0 5507 1058
0 21523 3355
0 36095 5710
0 30036 4347
0 10322 1684
0 22542 3635
0 19077 3257
0 17188 2775
0 26382 4446
0 7485 1388
0 3363 564
0 7922 1197
0 27414 5196
0 15547 2231
0 4022 638
0 23970 4751
0 27937 4683
0 25224 4158
0 6140 1191
0 31750 4879
0 20606 4083
0 24902 4029
0 28182 4863
0 17720 2681
0 11908 1702
0 17869 2916
0 32248 5800
0 2726 504
0 12006 1971
0 26170 4561
0 15656 2612
0 21125 3086
0 20017 3313
0 22093 3393
0 13549 2466
0 5623 965
0 20309 3106
0 26163 4725
0 15726 2450
0 36098 5585
0 30256 4553
0 33689 5219
0 27134 4233
0 16932 2617
0 6936 1308
0 18755 3663
0 30279 5059
0 22446 3836
0 2600 502
0 36601 5601
0 34851 5631
0 32215 4907
0 22525 4478
0 14081 2639
0 13583 1996
0 16437 2673
0 11266 2078
0 37087 5947
0 14147 2306
0 27507 4057
0 688 130
0 21487 3186
0 18465 3043
0 15603 2259
0 27536 4336
0 6621 1061
0 2196 316
0 2814 492
0 3385 558
0 22784 4279
0 19405 3205
0 25467 4478
0 15342 2341
0 33716 5143
0 29974 4348
0 11791 2237
0 35499 5681
0 13016 1957
0 22610 4013
0 26055 4592
0 23001 3582
0 33360 4777
0 14424 2141
0 28945 5444
0 22651 3890
0 2082 365
0 15681 2619
0 13119 2276
0 21041 3935
0 11177 1771
0 21030 3632
0 18890 3618
0 12415 1778
0 15566 2850
0 4669 875
0 13768 2321
0 33480 4833
0 28785 4182
0 7358 1372
0 34435 5869
0 30750 5203
0 1604 235
0 6947 1248
0 34830 5359
0 13899 2522
0 13372 1931
0 13549 2141
0 29860 4292
0 12891 1940
0 22818 3886
0 7671 1429
0 4603 807
0 30177 5768
0 28368 5575
0 2240 384
0 18715 3269
0 3719 548
0 9820 1550
20 14 14 11 18 20 13 18 12 17 20 17 11 15 19 13 17 12 13 12 20 11 11 20 20 12 12 16 10 19 14 15 17 17 11 18 15 10 17 17 17 12 11 12 14 18 14 20 19 11 12 10 13 20 16 14 14 13 11 11 11 13 20 14 15 16 19 17 18 16 11 12 14 13 11 12 17 16 11 18 12 13 12 15 20 10 11 18 15 12 13 10 17 19 14 12 16 13 14 17 18 19 17 10 17 12 18 14 20 19 17 10 15 20 11 19 10 10 16 11 13 16 10 11 14 20 15 18 10 17 16 17 12 18 13 14 13 20 11 13 15 19 16 17 15 17 12 15 17 18 17 12 15 16 10 11 20 18 11 10 13 14 13 15 16 10 19 19 12 13 10 19 12 15 10 12 11 16 17 17 19 20 18 10 17 19 20 18 16 19 10 16 14 13 12 13 14 19 10 12 13 18 20 13 20 19 16 17 16 15 10 15 13 10 20 14 18 15 16 15 17 18 19 16 13 10 15 14 19 17 20 11 15 12 10 18 11 16 12 10 19 17 19 14 17 18 17 17 11 18 14 16 18 14 20 16 19 20 15 11 20 19 19 12 11 18 15 14 16 20 10 12 17 13 16 14 14 12 14 14 18 19 13 15 18 14 16 13 17 17 10 12 12 11 20 20 11 18 10 13 13 14 19 20 19 18 11 11 20 11 19 11 19 16 15 10 16 19 11 17 17 15 19 19 10 17 15 11 13 16 20 10 10 14 13 19 18 13 20 18 11 19 17 15 12 20 14 13 10 16 14 18 10 20 19 17 13 19 19 18 13 17 16 11 10 15 12 18 16 12 14 15 12 16 12 11 19 20 20 10 16 18 14 14 12 14 12 20 13 13 20 16 11 14 10 14 17 16 15 14 12 15 10 20 18 16 17 17 19 16 13 12 14 14 10 16 17 17 10 16 14 10 16 13 15 13 16 13 16 19 18 13 19 17 17 17 13 11 16 15 18 14 13 13 17 15 16 11 16 11 19 11 17 13 17 13 12 10 15 18 13 15 17 18 17 16 12 15 19 20 19 12 13 19 20 10 20 16 17 20 15 10 18 16 15 17 14 12 20 19 16 16 14 11 11 19 20 10 20 14
15 14 14 13 10 10 13 14 13 16 18 11 12 20 18 20 18 20 12 16 20 16 14 18 17 12 15 19 18 18 11 16 18 17 10 19 10 14 19 13 11 12 17 14 20 20 16 10 19 15 11 18 12 13 20 12 12 20 14 11 16 20 13 14 16 18 20 15 19 18 12 18 12 13 10 11 11 16 11 14 10 13 18 11 17 14 10 13 20 14 18 16 11 15 19 18 15 18 15 11 14 13 13 17 20 10 17 20 12 12 16 12 15 17 14 17 20 10 18 11 15 11 18 13 10 13 10 18 14 20 11 13 10 12 18 10 11 20 15 20 15 13 11 15 13 10 13 20 20 18 10 17 13 11 10 14 14 13 18 17 17 18 11 11 11 15 18 17 17 18 18 17 15 19 13 13 19 13 12 20 15 17 16 13 15 18 13 16 11 15 15 20 13 16 16 14 17 13 13 20 15 15 18 17 12 20 17 12 16 20 13 15 12 16 19 13 19 10 11 19 16 12 16 13 11 17 14 15 13 10 19 12 11 13 12 15 13 18 20 15 16 16 18 15 10 15 16 16 13 18 19 16 18 14 13 11 11 10 16 11 13 11 16 11 19 20 10 12 15 17 16 10 20 12 15 13 16 12 15 10 14 13 17 16 11 16 10 14 17 11 13 16 14 19 10 13 11 16 11 18 17 16 20 13 19 13 20 15 10 13 12 20 18 12 20 18 14 11 16 11 20 11 13 17 19 16 12 18 11 16 12 15 17 15 20 11 20 20 19 10 20 15 15 10 20 14 19 13 13 10 20 18 11 10 20 11 16 11 20 20 15 18 16 13 18 20 20 12 13 10 19 20 14 19 19 12 13 17 14 16 19 14 18 17 14 17 13 11 13 19 17 12 15 16 10 19 16 17 16 14 10 16 14 19 12 11 16 20 13 11 13 13 20 14 10 12 19 11 13 15 12 18 19 11 12 11 19 18 10 17 18 10 18 18 16 18 15 13 20 17 10 19 20 12 11 10 16 14 10 14 20 10 11 16 16 11 11 15 19 10 15 17 18 14 19 11 10 19 10 17 15 11 16 20 10 19 17 19 11 12 18 12 14 13 18 16 18 12 13 20 12 15 14 20 13 20 13 19 17 11
20 199
20 182
19 187
20 191
20 199
18 186
19 181
20 188
19 191
20 198
19 185
19 194
20 182
20 180
18 187
19 199
18 180
18 197
20 191
18 200
20 194
18 190
19 191
19 184
18 187
20 186
19 185
18 199
20 181
18 186
20 194
20 180
19 181
19 197
20 185
20 195
20 198
20 185
18 195
19 188
19 199
20 195
19 192
19 180
20 188
18 183
20 199
19 192
18 183
20 180
18 196
18 196
19 181
18 188
18 180
18 190
20 186
20 183
18 184
19 187
19 190
20 200
19 182
20 200
19 185
20 193
20 196
19 184
20 197
18 199
20 190
19 181
18 183
19 193
20 192
20 194
18 188
18 183
20 196
19 187
20 187
18 190
20 189
18 198
19 199
18 188
18 197
20 192
19 186
19 189
20 186
18 192
19 182
20 189
20 198
18 193
18 192
18 183
18 196
19 196
18 185
19 183
18 182
19 196
20 191
20 190
20 187
19 198
18 196
20 194
19 182
19 199
19 191
19 184
20 182
20 180
19 193
20 198
19 186
18 197
18 191
18 185
19 180
18 196
19 193
19 198
19 183
18 195
18 191
18 185
19 189
20 182
18 186
18 184
18 187
19 196
18 197
18 185
20 193
20 191
19 189
18 199
20 197
18 191
18 180
20 198
19 195
20 181
18 180
20 188
20 193
19 186
20 191
20 181
20 188
18 189
20 197
18 193
19 194
20 180
19 187
19 199
20 194
20 193
18 199
19 180
18 191
18 184
19 191
18 182
20 182
18 195
18 200
20 195
19 190
18 184
18 199
19 187
18 200
18 193
20 195
18 198
20 197
20 194
20 198
20 195
20 180
20 185
19 191
20 200
18 189
20 188
19 197
18 200
19 196
19 193
19 193
19 184
18 190
18 199
18 184
18 185
19 181
20 183
18 187
19 180
20 200
18 181
18 192
19 194
19 199
20 181
19 196
20 184
19 185
20 186
18 188
20 193
19 186
19 189
20 186
18 184
19 188
20 191
20 199
20 191
18 188
18 186
20 197
20 192
20 188
19 200
20 196
20 191
20 184
18 195
20 185
19 195
20 196
20 195
18 181
19 191
20 199
20 193
19 196
19 193
20 198
19 181
20 193
20 184
19 195
18 196
19 193
18 195
19 194
18 185
18 197
19 185
18 190
18 199
19 199
20 180
19 194
18 194
18 181
18 190
20 184
18 189
19 195
18 189
20 184
19 191
19 184
19 180
18 186
20 199
19 180
18 182
18 186
19 196
19 191
18 181
19 200
18 180
20 180
18 185
20 188
18 188
19 184
19 187
18 189
19 184
20 187
19 194
20 185
19 188
19 183
18 193
19 200
18 188
20 183
20 182
20 190
18 187
19 191
18 187
18 189
20 186
19 200
18 192
18 185
19 191
18 199
19 192
18 185
20 187
19 198
18 186
18 182
18 199
19 186
19 186
18 186
19 200
19 183
19 185
19 196
19 189
19 198
19 191
18 183
19 190
20 193
19 192
19 196
20 181
19 185
19 185
18 194
18 192
20 191
19 191
20 192
20 194
20 180
20 188
20 187
18 196
18 200
19 200
19 190
19 188
20 194
18 191
19 197
19 181
18 191
19 189
18 184
20 199
19 180
18 185
20 197
20 193
19 187
18 184
20 188
20 199
19 200
19 189
20 182
20 188
18 180
19 186
18 198
20 187
20 192
18 193
18 187
18 182
19 195
20 182
19 192
18 185
19 190
18 191
20 182
18 192
20 187
19 187
20 189
19 197
19 194
18 193
18 191
19 193
19 183
18 199
18 200
18 182
20 192
18 184
19 190
18 189
20 196
19 195
19 192
19 184
19 183
19 191
18 187
20 180
20 182
18 183
20 194
18 187
18 184
20 188
19 181
18 187
19 194
20 187
19 197
19 200
18 188
18 198
18 199
20 196
20 184
18 191
18 180
18 190
20 195
20 198
18 199
18 200
19 183
18 181
19 189
19 197
20 190
18 199
18 198
18 189
18 196
19 182
18 189
20 186
19 189
20 197
20 185
20 198
19 197
18 197
18 198
19 192
20 181
18 183
20 198
20 200
19 198
18 195
20 185
18 184
18 190
20 190
18 184
19 200
20 184
20 183
18 185
20 198
19 196
18 197
20 194
18 197
19 190
20 200
20 189
18 194
20 196
18 199
18 185
20 190
19 197
18 186
19 190
19 200
18 191
18 185
19 186
19 188
18 181
18 191
19 197
19 194
19 192
18 200
18 185
19 192
