2
2 1 1187
2 1 1201
500
579 58064 5006
16847 40454 4261
26788 52740 5148
4357 52660 6000
6876 47689 4138
20040 43540 3544
31492 51652 3389
15901 59235 5788
13734 54794 5616
30365 53887 4338
8927 41101 5011
5888 48601 5637
6598 59150 5078
17119 46813 3438
15932 53091 5216
1718 37227 5184
5833 40809 4068
21277 55802 4819
922 36638 3032
19526 45452 3372
17465 44735 3468
4749 47716 4904
6092 39917 4934
18102 56140 5919
14778 45576 3247
24194 53855 3594
25381 55624 3022
3403 33904 3005
2978 32037 5631
18237 55810 3886
7621 35524 3333
17131 47860 4235
33623 55089 3932
8153 50631 5844
10566 56124 3897
19821 40619 3248
30446 57163 4221
17289 45720 5021
18769 47886 3119
37609 56010 3195
30327 54172 4092
17297 47387 5318
18285 59401 3333
1242 25885 3632
21412 51591 4594
6472 33643 3883
22389 45646 3955
2379 53659 3234
12455 59176 5167
1795 44204 5271
1787 48765 5657
10534 45866 4463
578 46493 5417
17565 59481 5223
10531 35564 4902
28683 57926 4880
29450 51948 4148
26766 55293 3523
16001 55110 5034
27201 50472 3473
29928 59638 3862
11351 40475 5810
30508 55375 3262
10912 47801 3836
14645 46380 5739
11252 29611 3198
12648 47566 4942
22787 48803 4576
11450 58137 5385
17154 53748 5600
20450 58950 3511
23187 52245 4537
26280 49877 3744
5647 49677 5855
12709 41554 4293
1112 34587 3241
9888 53479 4475
12798 45427 3228
4513 32659 3300
15240 43685 5323
32036 56748 4621
824 34669 4565
18376 50073 4865
29278 59029 3664
23942 52816 5359
13859 38907 3792
19908 56039 5611
1859 39980 3953
18656 40159 3609
10403 36750 4465
3954 50647 4861
20225 46422 4601
20930 55444 5938
21343 58635 3275
39395 58810 3522
6947 53775 4396
5121 38495 5917
16266 59919 4685
17566 54756 3653
8314 46679 4901
12657 53369 5796
21723 50612 5030
17670 49259 4709
13048 34087 3134
16678 49919 5984
4878 34995 3371
2941 32094 5317
2497 40402 3898
5838 58368 5746
3279 46940 5146
6814 58092 5608
7606 39238 3262
6208 36115 5152
1344 44710 5879
3265 28272 3406
10520 49402 5786
22638 46648 4391
1878 42695 4851
25405 58559 4989
9572 59590 3648
24899 56583 5035
17472 37769 3185
8896 48518 4171
9645 37560 4166
12719 53406 3228
5752 40690 3698
7640 27388 3360
8810 46500 5698
29524 49370 3202
15664 51673 3710
7452 58280 4064
26146 48364 4086
17091 57409 5524
36390 59890 3076
17344 59468 4598
31950 59382 3225
5526 54551 4650
2772 41535 5908
6188 30677 4110
25146 59398 4507
30940 58289 3081
15111 59270 4206
1585 43017 4207
14198 57023 3957
3823 41397 4143
7626 48936 5789
3806 39711 4934
20973 58674 4162
9688 56993 4773
32097 59766 5390
14290 59014 5184
4451 51745 5857
3228 37168 5042
4183 31128 4492
16078 51234 5356
4950 37478 4583
4561 49081 3799
36043 57281 3930
10800 47678 5715
27934 51958 4401
4047 51186 3219
12035 37184 3312
5172 51754 4026
893 40937 3164
5427 45306 5513
8951 57148 3622
17558 50807 5283
4962 48117 4747
4525 56272 4634
9969 45849 5459
24912 43447 3472
21138 57960 3291
5875 49774 3236
13263 38769 3813
16554 43773 5301
10830 38710 3386
8663 50666 3115
16117 50799 5806
338 34521 5234
12032 50181 3954
2024 44430 5627
15914 40544 3539
32519 58142 4483
142 46527 5644
250 22384 3174
3782 40580 3990
16336 37813 3438
17290 50225 4658
14589 37020 3893
905 44260 4268
6160 39040 4475
6367 50546 4378
22583 44359 3058
5181 33882 3723
17884 59880 4765
10568 56652 5573
4685 22653 3067
19284 50150 5583
1127 25208 4418
13647 44681 5104
7414 59159 3718
17783 59363 3947
22298 50484 5272
30021 59662 5712
4557 44614 3453
26581 55463 4606
10151 33974 3850
8058 48242 3876
24043 58255 5697
6275 58208 3331
7653 45250 5882
2493 40925 5081
4314 46110 3911
1510 42863 3466
3715 44917 5179
20304 44136 3223
4090 47306 5226
20020 45442 5049
21179 53168 4014
13356 32822 3529
28898 59901 3830
12109 43293 3335
30477 55438 4603
25709 57251 4043
5837 50255 4618
20353 49959 5263
31260 58416 4688
15133 50776 3179
22128 49537 5014
16472 50366 5930
14849 56012 5703
3835 40329 3183
7568 41556 5606
3207 57410 4943
734 54487 4577
6987 55981 5987
2824 49869 5599
21861 58862 4134
25237 57871 4872
16721 51822 3610
24249 53686 5305
8847 43062 5843
3606 46816 4399
12148 46508 4682
22592 59048 3438
7403 59714 3657
29778 59310 3109
3122 53737 4399
773 30699 3898
22903 51473 4760
18725 42525 3103
14178 55795 4753
17427 37247 3274
12152 49382 5589
17240 53540 5887
23943 52997 4505
10995 40576 5235
8285 58446 5868
2556 57555 5575
1212 46745 3205
3517 58019 5603
12127 48307 5226
33092 56548 3772
7411 35300 4509
1858 53113 4386
31662 49193 3398
3147 38195 5613
20676 44165 3439
4858 36893 5623
21229 52530 4950
12704 50445 5259
15855 37796 3340
4549 51655 3901
9414 57726 4295
30360 56338 3185
22865 49619 4738
18970 58972 4234
4562 54652 5307
34700 59973 4778
5953 51708 5768
12470 48366 5041
2898 27401 4757
11853 47827 5529
2286 52440 4884
11046 42270 5982
36763 59728 3728
13670 45814 3918
25360 51800 5132
9396 45939 3525
2754 28220 4401
2722 49359 4059
18853 57971 3735
10857 31476 3102
3062 31176 5364
31256 56535 4956
3586 54670 4580
418 18025 3485
16004 58277 5145
10545 55304 5095
1636 56050 4899
2470 44848 5661
11696 48271 3053
31846 57502 4864
22475 55485 5031
14285 38790 4124
9479 40030 5090
30268 59481 5704
6212 44913 5412
6253 42558 6000
19016 55760 5565
2126 36311 5929
20946 56979 5282
3551 49793 4092
18504 48478 3816
29514 58444 5440
31104 51055 3963
22705 54012 3030
3422 33126 5445
18309 48048 5649
12477 59688 4284
20002 44960 4803
11951 46258 5701
4887 43078 5420
19442 58233 5457
8204 55487 4936
1661 41213 4697
11979 55500 4591
31388 59479 5235
4462 39385 3406
14270 41238 5329
13105 53672 5231
69 30546 4322
2202 48688 5417
14031 46497 5525
16739 50850 5882
27881 57366 5722
19896 51500 3930
20337 46815 4746
22023 52751 4555
3937 49888 3091
22483 56114 5934
15617 47589 3573
6494 49744 3669
7000 52125 5469
4425 42799 3173
24288 58822 5463
35484 54334 3016
14964 38100 3410
10859 30320 3641
10770 45880 5512
19047 58431 5154
19737 57874 3834
38597 58519 3798
25400 54516 4487
11009 54260 5361
11784 49553 5145
3445 45445 4135
2856 32392 5670
19941 41832 3921
20036 51642 5590
13175 42600 4728
15037 44928 4769
11312 56851 4392
25450 57278 3211
15313 48827 4274
14952 38860 3044
3136 57464 4073
14032 59168 5088
17440 40334 4269
21741 52710 5355
13211 34839 4232
4248 40128 5571
33766 53851 3488
27139 56936 4814
3493 36651 3668
15640 45704 4329
23068 53027 5982
28478 57010 5537
12729 49312 3090
32805 58166 4335
37042 59246 4284
8522 43072 4566
1626 50089 5886
7358 34279 5351
15078 36619 4123
8313 33023 3270
30016 56477 4279
17931 56920 3940
18506 58697 3056
3671 49488 5549
9863 57019 5155
361 46278 4512
14369 45842 4653
28931 48550 3749
12603 48308 4266
23762 58958 5821
3196 49856 4925
266 32367 4857
11375 55317 5064
11916 30833 3176
24117 51857 5305
28434 55489 4735
360 27215 3045
18911 41861 4206
330 40508 3239
8513 50023 5736
15904 50363 5132
918 29356 3813
11704 30093 3223
21272 50331 5655
11338 56854 4516
24724 56215 4496
6623 50134 3558
27811 59098 3206
6541 35877 4909
14622 57182 4070
19533 54249 5447
11954 46273 5257
11098 41930 3913
16510 56112 3482
9072 27545 3268
19960 52379 5681
5938 33363 3579
6796 30710 3681
10173 50418 4710
7262 58378 3607
16736 49447 4451
3938 56571 3943
28968 59113 5818
36125 59058 4568
14343 58922 5772
1773 55344 4532
1623 41758 5999
20418 47053 3277
24604 42672 3165
16849 57758 5885
7806 46793 5668
3689 46670 3641
32399 59418 5198
16883 55033 3987
33457 52998 3170
33927 56081 4209
15775 45613 5756
16801 54625 4563
11802 44207 4427
7059 43623 4577
9518 38268 5512
9827 56269 5999
20753 52586 4694
12500 54616 5250
23488 59820 5198
22400 52695 4850
3018 36182 5490
3544 55547 3893
34530 59340 4587
11546 55213 5227
570 49839 3568
19018 49915 4752
2437 45145 5987
1677 38638 5704
5332 32428 4813
31917 51506 3281
10202 53748 5332
6081 48119 5773
24679 55185 4639
13474 39625 4061
18260 55425 5265
36150 59893 3798
25378 56884 5971
26304 53015 4591
22988 59511 3669
6010 27873 3598
622 45525 4235
5594 57037 4614
30726 57882 3764
24289 48465 4189
4073 47385 5087
26958 52749 4979
24720 48315 4293
30406 50518 3597
7771 49472 5327
13527 47974 4590
5068 48298 3252
14452 37214 4180
22415 51902 4031
19755 55346 5299
13117 39407 3291
4848 46135 5328
7536 49563 5058
19162 54011 5949
18188 52741 3456
8546 43283 4645
14210 57158 5899
4055 48678 4544
21078 49078 3717
2302 54624 4327
22258 56350 4987
19770 53067 5127
20045 42430 4094
6042 43029 5809
15 14 20 14 14 18 16 18 10 12 20 18 10 13 17 20 10 12 12 20 17 15 11 10 11 13 19 14 18 13 16 11 15 19 15 13 15 11 13 20 20 10 13 14 12 13 16 13 16 14 15 12 15 20 20 16 12 20 16 11 11 11 20 15 14 20 16 14 13 10 17 13 12 12 11 11 16 12 14 18 20 18 18 19 19 14 19 10 11 17 14 17 16 11 12 14 14 19 16 16 13 17 11 19 10 12 11 16 11 16 15 14 10 17 16 14 10 14 19 13 18 17 13 18 17 17 14 19 15 19 13 10 11 19 14 14 19 20 13 15 12 10 20 20 19 16 11 20 15 10 16 15 19 15 16 20 10 11 13 19 10 18 20 18 20 16 16 13 14 19 13 13 10 14 16 16 12 16 15 18 14 13 12 20 14 17 14 19 16 10 10 12 20 12 19 14 17 18 14 10 19 10 15 13 11 12 13 16 17 14 15 18 11 20 12 16 19 13 13 19 20 16 14 16 14 11 10 19 12 18 16 16 16 17 14 11 19 15 19 20 18 11 17 12 19 13 16 13 14 12 14 19 19 19 14 18 18 19 16 19 15 20 18 10 10 16 14 20 18 19 16 12 20 10 10 20 17 18 14 17 19 12 11 20 12 19 18 14 16 19 19 20 16 15 19 20 11 20 11 16 15 17 13 18 19 19 16 18 10 19 10 13 10 12 11 15 16 15 20 19 18 18 12 16 16 20 20 14 16 10 17 11 19 14 18 18 10 10 12 12 14 16 16 11 15 14 20 10 20 19 18 10 12 16 16 12 12 20 15 19 16 12 12 15 20 19 13 14 13 14 19 17 17 18 16 14 10 20 13 13 19 10 13 20 18 10 15 12 11 19 14 12 16 12 13 20 18 11 18 18 12 10 16 19 17 20 15 14 17 19 19 12 17 13 16 20 13 16 12 14 10 11 15 12 11 11 13 11 20 15 12 11 18 12 19 12 11 10 12 13 12 16 11 11 13 13 19 18 12 10 13 20 15 20 17 10 15 20 14 10 15 17 10 13 12 11 12 16 15 11 16 14 17 12 16 12 14 16 14 17 10 10 12 16 19 11 12 12 11 11 14 10 19 15 19 10 14 13 17 19
12 12 11 11 10 15 13 19 19 10 13 16 12 11 15 10 10 11 18 20 12 18 12 20 16 16 17 19 17 10 13 20 13 16 17 16 17 18 16 14 16 14 10 20 13 18 16 12 20 17 13 14 10 15 11 19 13 17 13 12 14 17 19 20 18 13 14 15 20 18 10 18 17 12 17 19 10 16 19 14 13 20 15 10 14 20 19 17 15 16 10 10 17 11 19 19 16 18 20 16 18 18 18 19 14 11 19 13 20 16 16 10 20 15 11 15 10 19 13 18 18 12 17 20 15 18 14 20 20 10 19 12 15 15 13 17 15 18 11 15 19 17 18 13 20 14 13 16 19 12 11 17 12 20 12 13 20 20 20 14 12 11 12 15 15 17 14 13 15 13 12 17 12 10 20 11 10 11 20 10 11 19 15 10 16 16 11 11 11 11 14 12 18 13 18 18 12 15 11 11 15 16 20 18 19 11 17 10 20 10 15 19 12 15 13 12 19 16 13 14 19 13 18 12 14 14 12 16 11 14 16 12 13 14 15 12 18 10 13 11 13 10 16 11 13 20 11 13 12 18 17 12 17 20 12 11 14 10 17 10 17 13 20 19 18 15 10 17 15 12 13 11 16 14 15 15 14 17 13 10 13 17 14 17 20 12 10 15 15 12 19 10 11 13 13 20 20 11 17 19 10 13 10 14 10 11 19 20 10 16 18 17 17 16 16 12 10 18 19 20 12 16 11 16 20 18 20 13 10 12 18 14 13 15 13 11 17 14 17 11 17 14 13 12 13 14 16 17 20 17 17 16 18 18 16 17 20 11 12 10 16 15 19 19 18 17 17 12 14 20 13 12 20 11 18 13 14 16 10 14 14 16 18 16 15 18 18 19 16 13 14 13 19 16 11 20 14 20 17 11 18 14 11 15 13 14 10 14 20 12 17 18 19 16 17 20 16 17 17 20 12 18 10 14 17 10 11 20 15 13 12 13 12 15 11 12 19 18 14 16 14 14 18 10 12 14 16 15 15 18 12 16 19 19 17 20 19 10 10 19 14 14 17 17 14 15 14 17 20 10 13 12 12 16 10 12 14 15 13 10 16 13 18 19 17 17 19 19 18 11 17 19 19 15 10 12 14 10 19 12
15 150
