2
1 1 1248
1 1 1660
500
34113 48326 1548
1481 52773 5270
3039 52005 2763
4779 42189 5441
38932 56447 2777
39955 59638 3691
15689 49551 4072
31030 41512 1283
12349 43641 5844
22237 45993 221
21005 50938 4028
19197 55756 4702
34105 49099 1380
38838 57213 2877
35942 57260 3626
29106 57318 2986
18605 41172 3947
46044 59170 1820
53992 59708 1105
23615 44953 224
10501 36753 2677
10674 24559 1851
14564 59817 1194
6705 56158 4871
29861 59709 3295
15601 51449 3789
33112 50980 2159
41342 59400 2823
35777 47094 1606
19627 53954 5691
16664 58522 4926
6585 48799 1714
3242 18329 1071
10404 26035 1329
7512 20795 1551
17723 20438 535
25565 55233 5553
6881 59454 5725
21778 49832 5195
23683 45025 3093
54250 59438 215
31542 56106 4362
31715 54871 4140
549 59863 2222
17294 53923 4250
21816 59340 3186
25856 37489 144
47457 58901 877
35912 52035 2736
1694 27981 3419
8798 50042 3904
14623 57425 3789
40848 57666 1782
1640 19205 2535
47234 58430 2101
40153 58754 3268
26112 42647 3037
47397 56309 1604
31713 58880 3048
32392 40301 789
22005 59434 5634
13656 34849 2499
26989 42393 1109
16016 51142 5902
29098 58698 5766
4683 37556 4992
49577 56598 848
8114 37219 5744
25909 58817 5337
16611 52516 5230
9679 42652 5791
1513 51083 5182
21443 48797 2811
8212 27300 382
43877 51853 1022
24079 30953 1095
2205 36308 5545
41773 46076 86
25016 55508 4941
11877 35338 1764
27380 53523 4537
7041 47962 4451
1519 18126 1308
38807 59128 3168
19689 55238 3956
29627 57243 3765
30046 47408 3280
34929 59104 4666
22579 56525 5196
428 47491 5768
3078 36920 4505
17961 41091 3466
32648 59949 5417
7749 36980 2503
15836 49287 2295
29324 59484 5510
14195 41105 3447
44458 58116 1473
2260 42149 544
5345 51543 3297
26014 59179 5778
8039 51527 4111
35856 56973 3598
19237 35873 1122
21372 25840 853
12503 27843 2727
26358 47103 3677
37989 42919 22
46350 51400 848
33298 58022 1493
23881 39128 1094
46440 59304 1389
13607 48427 3302
33462 48693 2278
16216 49154 1321
42753 57378 2793
10796 44003 4493
18298 49426 4897
26123 52273 1596
1088 20589 1038
42616 59312 589
36133 55902 3044
30676 51271 1631
34130 54816 3666
57733 59007 133
47063 58269 400
36841 51108 911
14847 40646 2981
23465 45329 1102
4960 12365 1465
26898 54576 5291
31225 54009 4250
10470 42053 4659
37438 50159 2487
38483 58933 2603
27916 40368 588
11093 20025 779
28455 37792 1186
36687 59783 2438
9306 41147 5799
1485 35464 1423
44887 58867 2746
48644 59884 2210
41883 50649 380
5103 57491 3810
4498 59943 3292
20643 34229 2319
17407 45450 5332
601 42008 5293
20780 51287 1777
29790 55002 4559
4468 21269 2047
6020 56118 4456
25589 51348 3966
6463 43452 1012
6122 28896 69
7611 27035 2581
11675 29774 949
33710 44790 1143
24635 58239 608
2959 49953 4772
49740 58297 595
37609 55702 1228
37751 52898 2736
25973 45490 2564
10342 59782 1943
35514 58472 3765
24798 56516 878
20670 54802 4881
25349 58265 4761
4451 35560 2862
21885 47838 1846
34514 54164 3167
36692 59894 4302
15937 51725 1018
5514 12535 937
29170 48378 719
44602 59172 2840
25147 50447 4448
11307 25754 927
38442 54942 2743
46660 52771 220
6637 28407 332
36081 59937 4704
19732 51306 4154
26285 53310 2700
2113 26046 3504
17430 57866 1170
16408 48924 5956
30257 57146 3512
19151 45244 2449
20649 51101 5759
7725 37021 4960
22197 52365 5894
19598 53458 2760
15960 51601 4262
15468 46216 4837
5793 42578 3898
54769 58521 653
46177 59984 1106
9255 54450 1517
21052 47763 3430
1147 46814 5256
24931 45995 3877
26248 47226 3348
8393 27276 2966
7558 24987 2908
11215 54281 3085
23137 41842 3448
20362 57472 4949
23655 52426 5066
35209 49342 2611
23652 53111 3247
12359 17840 396
28109 56734 4138
8027 15979 1424
41506 59445 3568
14568 59162 5219
28691 59597 5878
51988 58838 16
31858 58565 4323
48636 55509 1090
3585 45911 1452
41003 48919 561
26094 51340 3631
11798 56594 5936
25444 53611 4297
31331 59333 4337
40809 59037 2457
39002 58429 2347
44103 59175 2294
30017 58377 5046
4009 58356 1345
33633 54400 3953
7651 55347 3046
31659 44809 1101
20153 47549 3233
7289 27892 2234
22839 56904 4670
26971 58248 5606
25469 50743 4878
22176 52116 3798
20296 50999 5894
33585 40662 177
29283 55515 2733
15526 57644 5498
8109 49145 139
21761 57944 2215
24317 55794 310
12413 44804 2917
21702 50332 4325
43134 54513 1085
6799 23984 3161
25820 49324 2387
20361 51728 4050
30409 58649 4329
9446 28890 45
46793 57748 488
2584 33787 4504
1254 48183 4412
1244 57021 3357
23490 35721 834
42429 58277 3052
39479 48656 975
44515 58696 2797
19410 49582 3360
52682 57128 142
639 48940 914
53989 59363 258
2492 56689 2304
43454 56635 168
24701 46204 3967
19981 36503 2602
9787 43841 4939
7784 38349 4873
24570 53238 4490
4788 39243 4436
30069 54758 2504
3885 56898 5468
19435 54014 5479
23143 51647 937
18141 54196 5848
14869 41366 4869
17667 29697 1999
49624 57565 837
25043 31906 144
1804 44027 4048
21386 37034 2665
19147 53850 2299
30181 33113 13
30891 58111 1239
9656 24495 1320
9901 43064 3832
15613 34315 2540
41555 55668 1407
28037 58483 4793
8630 45840 5940
34543 59076 2959
38379 48823 765
3259 34487 919
29339 54384 4289
23862 55621 4592
7862 44697 3805
2445 49840 4288
17476 37054 3258
36173 56103 2192
37275 57234 3588
34247 58134 4147
28226 51493 4381
12867 20145 1188
637 51322 3594
21484 41563 2682
250 49551 768
26329 49092 3645
14645 46246 5301
12415 45119 3517
15089 45606 4244
29875 59404 5364
7953 40057 70
36793 51393 498
20186 51751 5767
32854 54482 275
3464 26441 2283
10354 55189 1573
11461 31652 2775
21004 52665 1493
21035 52488 5924
18616 29023 1303
24356 54080 5649
31975 57547 4914
12817 54535 5293
52331 59100 871
32199 43096 84
20353 51267 5533
28005 58721 5301
37670 59096 2215
19488 55084 5566
49532 52028 454
28756 52976 3950
14542 37876 2031
43425 56566 1370
22122 57472 5599
5258 39948 4222
37752 59532 3469
9215 42256 2864
2247 37120 5411
23173 37610 942
30347 59536 5837
23930 43414 2917
21806 52856 5840
36344 57373 4180
8223 52959 3277
25687 53749 984
49400 58407 1013
35809 56265 1818
5442 34549 4379
9109 40748 4617
38944 56516 555
24331 48949 2957
10301 58577 638
36368 59968 4716
5621 54225 3908
36284 49529 438
12635 48889 1959
5761 43051 4064
208 46316 5106
33985 56194 3190
20460 55958 4651
18326 46997 5494
14402 57810 478
22065 50921 5036
50554 55086 706
4797 13061 1428
16129 51460 4736
33761 59913 5043
19093 54579 5946
25326 56083 4064
42132 58610 3273
33319 53339 3111
592 28169 5468
21411 51412 3083
12945 58504 2886
29447 59791 2775
39406 58992 3404
5484 9065 612
31107 55969 2229
8920 45583 445
46801 58773 257
31948 57329 5063
26350 50661 4202
19013 54284 378
15016 51401 1786
37257 50512 200
34442 59985 4130
36393 58488 4298
11784 38938 4763
28216 49262 3655
32570 53106 3715
19344 38648 3431
1369 45358 4288
9371 51261 4764
23558 47684 2911
38907 55526 1781
38968 55533 1779
24941 52263 2754
25981 52716 4164
24258 58904 2011
6032 47029 5032
2918 51674 4115
29081 52519 4486
34542 55994 4010
42697 57000 2825
22620 42871 2401
11134 47361 5393
17468 36989 3325
5738 58679 2543
44472 59869 2170
29829 53210 3512
32744 56817 3075
17458 45548 2242
4179 51465 5498
15932 50351 5965
28122 56674 5325
31135 57950 3930
8499 46588 5752
1995 31012 674
35753 50509 2832
25521 57317 2367
27001 53334 4036
8211 44148 3131
8425 46643 4329
49543 57122 1461
43263 59646 3161
309 58719 4714
20672 42756 1830
23950 56352 5746
35861 58618 1019
36714 53632 2933
4988 48101 4242
2517 6968 746
22078 31568 481
33586 50617 2571
18719 39559 1434
15260 38460 109
42053 47132 628
16838 57727 3031
43312 57914 1931
10876 33020 2510
19928 51918 5329
27063 58382 2442
34287 54201 837
16827 45993 5620
17197 53439 1993
21443 54333 4691
5782 31973 3682
36073 44653 760
50885 56859 701
8506 50290 5986
27985 59577 3955
31203 59880 5716
15028 53148 4531
6513 52469 2652
14341 54955 1948
24815 57181 1647
15451 52835 2650
12630 43257 3421
19520 57840 5570
17927 51503 4567
29591 56184 2933
28096 58333 2084
38973 59474 2240
12161 47690 3466
16923 47227 338
3094 45334 472
33756 47015 2118
49427 56033 1242
16941 46483 2016
31432 58839 5350
5000 58853 5959
42933 58307 2504
44369 51097 112
9745 53973 5972
14480 42112 1952
20004 39891 3790
12027 43472 819
35022 49323 2639
38610 51692 2128
21130 49658 5476
58 56797 1951
10633 25645 400
32393 52960 1086
456 44600 5222
37388 58539 2334
34681 53169 3012
42959 59465 1326
37952 57669 3691
4344 49019 5255
40857 47425 964
4204 17091 1972
23274 34667 164
13 17 20 16 18 10 18 11 13 12 11 14 11 15 18 12 11 10 12 19 10 20 17 15 12 15 10 18 16 12 13 14 19 19 14 16 20 18 10 13 15 10 15 14 13 18 16 10 12 20 18 10 18 20 13 17 17 14 10 17 20 10 12 17 12 17 20 18 13 16 14 11 12 16 11 13 14 16 15 16 11 14 16 12 15 12 14 16 15 10 17 14 18 14 11 13 13 18 16 17 10 17 20 15 14 10 13 14 10 12 15 20 16 14 17 17 13 14 15 16 17 16 12 15 20 17 13 12 11 15 16 17 17 16 20 11 13 18 20 12 17 13 16 10 15 18 12 15 10 11 16 11 12 16 11 14 15 19 16 10 14 11 14 17 15 15 20 11 20 11 19 18 10 15 15 14 20 15 19 11 16 10 16 11 12 11 17 11 20 15 20 12 13 20 10 13 14 14 17 11 18 11 14 13 19 16 14 19 11 13 18 13 10 15 19 14 16 13 18 17 16 12 14 19 15 14 19 17 19 20 17 20 15 20 12 19 17 14 20 17 19 12 16 20 10 18 20 19 18 12 11 14 17 19 13 20 13 12 11 12 18 20 16 18 17 11 17 18 12 12 16 15 10 15 11 10 20 12 18 10 12 18 18 15 13 17 10 20 17 20 16 14 18 13 18 12 18 10 19 12 11 17 15 18 10 11 17 13 13 10 17 16 11 12 10 18 11 15 10 18 11 18 14 11 15 19 10 11 11 18 19 11 13 17 14 17 15 14 11 14 10 19 11 18 17 13 19 16 20 17 17 16 16 19 12 11 12 14 17 19 10 15 11 20 18 12 10 13 10 16 19 19 13 10 19 10 12 20 12 10 14 14 18 11 15 15 17 10 19 19 19 19 12 10 11 11 17 10 12 13 10 20 16 18 11 14 19 10 13 13 15 17 19 20 15 13 17 12 19 14 16 18 14 15 18 12 18 16 20 15 15 13 16 18 20 20 13 10 19 15 11 15 13 13 14 16 17 13 11 11 11 19 20 15 19 11 10 14 19 19 13 19 20 13 19 11 20 10 18 17 11 18 10 17 14 17 12 20 13 16 18 10 13 19 12 11 16 12 12 14 18 11 10 15 12 15 15 13 15 13
13 10 14 15 20 11 15 12 19 11 10 10 12 17 12 17 18 11 19 12 10 19 13 10 10 15 16 10 10 14 15 11 14 15 17 19 11 11 11 10 14 19 13 13 15 12 12 11 14 11 10 12 18 11 15 18 18 13 16 20 15 17 12 20 17 14 10 19 13 19 14 13 13 17 18 14 12 20 19 11 13 17 12 18 15 18 12 10 14 10 18 19 19 15 15 12 13 12 11 11 10 13 12 13 10 13 11 19 15 12 12 13 14 13 13 16 13 20 16 16 15 15 15 12 15 12 13 15 10 12 15 18 20 18 10 11 17 11 15 19 12 16 14 19 10 16 12 12 11 12 20 16 19 16 10 16 12 17 18 17 17 12 11 20 10 13 16 14 20 14 20 13 16 13 13 13 11 16 13 18 16 12 13 13 11 13 15 12 12 18 17 13 11 18 17 20 12 10 20 11 19 16 15 13 19 15 20 16 15 14 10 16 16 18 11 19 12 13 19 20 12 17 11 20 12 14 12 18 12 20 10 17 11 15 16 17 15 16 19 17 17 12 20 10 19 15 11 15 15 17 15 18 10 11 10 17 18 11 19 17 20 13 19 10 20 12 16 12 14 18 18 17 17 10 19 20 20 14 18 14 14 20 11 10 15 19 15 11 19 19 20 17 18 18 14 13 19 12 10 20 20 15 20 13 12 13 12 14 12 13 13 17 16 16 18 14 14 20 15 18 15 17 12 12 18 11 16 12 20 14 18 18 15 11 14 14 19 18 14 14 18 14 20 19 16 14 14 17 11 12 19 15 10 20 17 13 12 19 12 15 11 11 14 14 10 13 15 14 19 18 19 20 13 13 11 11 17 15 13 12 19 13 18 17 11 19 13 16 14 18 11 18 18 19 14 18 12 10 12 16 14 10 16 19 13 15 18 11 12 18 12 19 11 10 20 20 20 17 19 11 10 17 17 15 15 13 15 20 12 18 13 18 19 12 17 13 15 17 13 13 19 15 12 16 11 16 15 12 11 16 13 13 16 14 18 20 17 19 19 15 20 20 18 10 12 15 15 19 18 17 15 16 10 16 13 19 14 15 14 14 10 17 10 12 20 15 17 11 19 13 16 16 11 11 20 11 19 16 11 10
20 200
