2
2 1 1264
2 1 1180
500
13124 33487 3360
33344 55520 3557
30078 39296 1503
9385 21089 1502
9086 55412 1266
16086 50991 5477
29108 44113 860
10366 53453 5953
22519 34336 849
36321 58326 2666
5261 47475 4968
2185 27518 3778
31527 51640 3424
11617 45427 4059
9173 36511 172
21184 58369 4952
18975 57673 5948
44259 53087 698
39198 57807 2815
5069 27123 844
49111 59564 297
19538 56281 5531
4246 53463 3954
7308 52596 5641
31334 48580 3081
25005 53513 3920
28447 41017 2080
27905 58740 3233
22610 53155 4267
1677 34563 2804
14397 48054 5462
12860 51857 4312
40038 59727 3856
36453 59331 4307
2677 55704 3489
15875 43591 2705
13860 52295 3434
20793 35784 865
3383 47938 2986
6998 36054 2984
26761 59090 5747
8828 21751 357
6992 59166 5948
19482 48212 5039
28192 56771 4425
44797 58299 328
32983 47266 2697
26169 52544 1917
53426 59430 172
38015 49935 965
2429 41901 3583
35780 59282 2178
14937 45881 5829
20607 56511 3398
8705 41948 5383
28330 56623 4158
10117 44129 4733
17366 55495 4292
22936 34976 2279
8117 49150 1057
31964 36209 764
4479 57392 3002
17423 52761 4640
1276 22208 2688
16844 55246 4354
8073 39579 2844
22930 44605 2855
11445 32103 4056
21177 55841 1900
10621 58527 3982
4791 31748 4943
25562 58790 2573
11325 52397 5580
5166 40746 5422
5057 38659 5230
27108 53053 1325
25312 57285 3011
17608 54416 5831
1649 47966 3701
585 57513 2475
43166 55645 56
37255 53473 380
23116 51582 3398
9083 49617 3497
32783 59548 2145
10595 59013 3891
4950 17564 1050
10458 38376 1110
20789 43688 1227
24267 56453 4222
25884 54473 3798
40936 50327 1456
23481 44361 1843
8784 39320 3671
16936 35734 299
46118 59765 2699
16738 48174 4298
48950 53118 69
12085 55741 3635
18867 37644 629
18555 52870 5720
18546 52131 1404
3944 36184 5744
6379 51091 3364
12834 59910 5463
33226 47782 1079
9919 36017 3601
8819 39637 3275
11704 35037 2165
31450 40097 1658
35432 43350 725
33915 57521 2002
29440 55335 372
9864 48547 3506
47930 57342 952
4459 25905 4011
21352 56497 5132
43003 54437 1405
2596 43646 4169
29405 46549 2394
14795 54153 1540
21102 58940 3612
33004 58632 4232
7193 28052 3470
23436 56069 495
3268 52561 5007
6680 54232 694
30100 59490 5791
31567 50604 2360
22661 51952 5351
8506 44048 3814
34836 58915 17
7426 44676 4713
5909 35302 5386
9258 29101 762
47072 59626 831
21076 58976 4695
40543 58163 2771
556 57500 836
2714 49797 4003
34473 59800 3171
5927 48276 4478
31626 50370 2955
2531 25225 330
8663 49305 1371
8629 48608 4205
38553 55626 1114
7129 52281 5702
27502 39737 1634
11716 47708 5535
14756 32195 2903
12199 37619 964
40716 56217 2543
31565 59039 5317
9615 33285 2633
29781 56428 2315
26463 47167 1883
18602 53935 4853
8006 37294 2600
6442 40513 680
33327 42382 1518
24561 40730 3000
8022 32002 4050
850 50279 5099
35550 48385 1523
15293 50998 5065
37033 45197 910
29078 45350 1867
18419 50203 3847
3701 30043 473
15171 51415 3847
6847 25163 1381
4817 55846 2219
38 56146 5095
6318 33643 4212
1944 26873 4913
9689 47187 5469
32879 53090 2741
12121 44372 3434
14875 45911 5059
27276 54830 4351
27943 48738 3390
4262 24452 1850
4275 49772 5716
43394 51505 878
26636 39260 1638
7956 34371 1916
12447 51496 1757
22944 39885 1324
4528 56198 4677
27344 48957 2178
32797 44235 1965
5051 32232 2762
23377 34463 1583
27060 58888 4336
39810 56427 3069
31051 46408 2003
35841 48502 1917
24048 59497 5955
44887 56906 212
25169 56745 4494
1883 57905 3418
28384 54989 5273
5526 29423 3747
34765 55400 940
1197 35478 2606
31190 42839 1565
29179 59749 5351
3351 55404 3206
7115 58299 3991
35397 59750 2249
32566 45989 1515
16373 52404 5151
4285 59918 5506
22873 38395 1849
1311 40346 4352
5400 52555 3559
17417 33111 2302
38013 40437 106
10958 57587 4931
27052 37238 1679
35449 58692 2765
29832 50327 3936
13103 49617 4010
10360 30832 2877
7091 45531 1370
12027 40293 3744
10514 34345 4352
23872 32310 472
27678 59151 4207
17008 50615 5426
7989 46605 5605
34591 59998 3836
27931 57726 2704
23543 50367 3182
8715 50556 4972
3942 38943 5653
6970 31225 4010
28123 54633 4376
7405 58249 3679
18987 50907 2662
25592 53527 3300
41450 47206 206
25107 52178 3935
2524 34050 1522
18581 54850 1944
1300 54221 5210
11038 51633 3206
27926 57910 3981
678 55294 5247
6198 46812 4636
6059 44236 5780
5131 29689 2929
32094 41407 1448
29752 56479 4107
19614 59418 5997
18164 39509 1665
26241 45545 2803
22527 59009 4130
2308 45917 5011
20414 54062 5159
3130 49782 5869
34271 57579 2270
8257 50913 5181
11593 33372 847
5208 58646 990
29980 52005 1655
12407 50323 5080
19270 52913 1308
31786 51129 2485
24349 35966 260
675 47961 5243
6093 19299 1360
19907 46733 792
20697 53615 1566
26254 39667 88
10523 59665 4683
14972 34672 1821
28284 52191 1688
24931 54920 3275
3231 52215 1076
29640 56457 3150
12239 55298 3697
40367 43624 259
29793 56646 3476
14069 33345 3054
9266 46248 1251
4010 36630 580
1347 57620 2819
23606 50275 5107
2084 51741 4871
4190 31258 3751
29361 56990 5032
32609 48398 1945
24390 57048 5334
14438 45242 5029
6713 57374 1029
9924 37041 5170
7588 32170 4660
7804 27454 3321
20084 56049 5504
4782 48228 5576
18668 48681 2733
15829 55008 5863
37390 50130 735
22775 47161 2206
26423 52311 2209
54340 58459 234
7334 53389 4005
13015 49771 5613
36361 58176 4161
37439 50962 1123
16754 51627 3317
1805 42465 4224
32725 47966 1659
37858 55696 2154
2650 39498 800
51052 55557 303
35328 46894 1021
15427 22674 266
33300 59201 4937
1263 49298 2932
1596 55479 5935
26112 50780 4753
46959 57468 1701
12698 44301 1205
23659 51104 2150
1781 46359 5962
484 29424 5020
13331 28427 2829
34690 54486 1241
21577 48870 656
7921 46523 5373
7441 37747 3054
23100 45102 4034
13763 52469 5374
4709 57065 2564
19146 56344 4806
34480 46106 1240
26112 59560 3677
4703 38971 3872
14771 44074 2274
13459 58341 3933
17955 55019 4588
10315 47334 4840
14126 48513 5416
3964 32460 4006
5375 43325 4853
5062 33028 4551
25352 33139 1483
10032 53291 5309
8311 49713 3079
24390 39942 978
9616 36029 2332
23617 54881 2648
15334 56542 5220
14565 36216 3065
15161 37952 2947
22364 53214 2192
10533 58406 2072
22120 56598 5525
32338 54181 3371
18415 49683 5138
15835 53038 5997
22082 47125 4377
15078 56230 5646
4461 29263 4925
2008 50037 5131
20795 46420 4685
15499 45357 950
11246 55081 3817
16296 35936 3219
4092 31216 2303
23980 55852 5277
52652 59841 764
51918 59317 422
8154 44781 5537
25941 44160 1166
17518 54499 3469
47582 59458 2147
9047 53193 2535
17747 25182 1108
2331 53775 3269
10595 56997 5974
10777 51915 5450
30105 35221 391
37818 54255 447
32493 51285 1994
32 55334 4104
14173 33025 1607
21405 57635 2206
23809 33136 718
37984 59237 1551
29317 44260 684
21910 52478 2580
126 32598 2354
24083 46103 725
31163 58653 5404
7398 39927 5168
5125 42980 4609
13489 32921 1804
29151 53419 2373
29986 55949 4708
29663 52007 2070
6778 52623 5339
17394 30019 557
22213 59211 5595
2046 48989 5306
40502 59767 2043
7592 48445 5078
20388 50297 136
29301 50228 1162
39933 54517 2280
5006 54476 1578
14639 48719 5556
11688 53545 4646
8076 53001 879
16094 45745 2527
5438 30588 845
25481 59240 4318
3758 49572 4522
43025 55247 2414
10296 53576 4239
31504 59199 5513
20760 57778 3724
14579 47111 5603
12314 40416 4527
29132 55931 4678
36436 59012 1720
26612 45605 1849
23306 42025 1675
10837 58288 4875
17784 42922 314
46335 50865 451
31987 59584 3818
7164 25474 493
4100 44971 3174
21047 58232 3893
6885 37184 1625
17484 56794 3810
8099 40354 5782
16283 36293 2906
15210 22423 471
20255 41187 2467
28982 38515 896
246 55758 5811
17798 37496 2743
1172 59505 4207
3712 58735 4004
49780 57808 364
19229 51368 3541
13972 55214 4919
43726 56653 1772
365 39147 4546
28501 47864 1996
3062 34801 3191
627 47550 4407
14778 41667 451
46744 59187 1807
5166 28532 3303
684 59972 5087
12922 59666 5568
10968 24949 2036
4231 34642 5030
25195 47875 4111
26 55946 2182
28050 44610 1134
3927 55705 4332
28392 49054 2992
18024 54501 868
7326 52414 1938
23001 52777 2420
21936 54330 3592
11003 42641 5824
4324 58727 5667
3970 57544 2346
10811 53079 3487
10827 46342 237
1145 33707 4342
55331 59747 620
39964 47351 511
19323 48497 5237
36103 58217 1101
2742 32246 3795
5508 55248 5002
4138 33333 2367
335 47681 5841
24978 40053 830
8444 37094 5208
11005 55437 4674
27236 51045 909
253 19438 2464
54899 56688 154
8478 31763 2217
6548 54583 1321
9706 57039 2281
17783 47920 5241
9021 34421 2510
51867 57459 948
12028 44347 5900
12 14 18 14 13 18 13 14 19 20 12 18 20 12 15 18 14 13 15 17 17 20 16 19 20 15 15 16 10 14 18 14 19 13 14 17 16 11 20 11 18 12 10 15 20 17 17 13 12 12 19 15 12 17 16 13 16 18 13 10 12 14 15 10 14 18 17 17 20 17 20 19 10 16 20 20 15 10 19 16 12 13 18 15 20 17 20 10 11 20 13 20 17 18 12 10 19 18 11 10 10 19 19 20 10 16 10 20 16 19 11 15 16 19 20 12 10 17 20 20 10 17 20 15 10 17 16 11 11 15 10 12 15 17 16 16 14 13 18 19 18 17 16 13 15 14 16 15 12 11 15 10 18 11 12 17 19 11 19 20 11 20 17 16 14 19 12 18 11 14 10 12 10 10 14 17 12 19 17 16 17 19 12 13 16 17 13 15 18 13 12 19 10 13 18 13 10 17 11 10 17 13 12 12 16 19 18 17 19 13 18 14 17 16 10 14 18 16 19 17 17 19 11 12 15 13 19 19 16 18 18 12 16 19 14 17 15 13 10 20 14 15 17 19 14 17 13 14 17 18 13 15 14 14 18 14 19 13 20 12 18 16 14 17 20 12 16 14 16 18 13 20 18 10 15 13 10 20 13 18 19 19 13 17 12 10 17 12 18 10 19 15 12 10 17 20 14 13 13 10 15 15 10 20 17 15 17 19 14 13 18 19 19 10 19 15 19 12 17 10 18 10 10 10 17 12 20 14 17 12 18 10 18 19 19 20 10 11 11 14 19 14 14 12 11 18 17 13 14 18 10 15 13 16 15 12 20 17 17 20 12 15 12 12 18 14 10 17 10 10 12 12 17 15 11 10 18 10 15 17 19 18 15 18 14 17 19 20 18 15 15 11 17 20 11 17 10 19 10 11 11 16 13 13 17 20 11 10 18 18 15 18 15 15 13 17 16 11 10 14 19 20 19 10 18 16 13 17 12 12 20 17 17 10 10 20 14 12 11 16 14 20 10 16 10 17 10 11 12 16 15 15 15 11 16 16 16 17 13 17 16 11 13 19 20 13 19 15 18 15 11 13 20 15 17 17 11 13 16 10 16 14 13 10 17 16 10 18 18 19 18 14 14 17 15 13 11 19 19 11
14 17 13 11 16 12 20 10 18 16 14 20 13 20 18 16 14 11 15 16 10 17 19 20 17 14 19 13 20 19 18 18 20 11 13 16 16 11 18 15 17 19 20 10 19 15 11 19 10 20 18 16 16 18 20 16 14 10 17 19 11 19 16 11 17 18 10 10 19 15 20 18 18 17 16 15 15 19 16 20 13 19 18 13 14 15 17 18 19 18 17 13 10 14 16 17 20 18 11 14 11 14 13 20 13 15 13 10 14 18 15 16 10 11 10 16 14 14 17 12 17 17 15 17 13 11 19 10 16 13 13 18 14 11 19 17 10 10 14 14 13 12 19 13 13 13 12 19 19 11 10 10 17 17 20 14 12 17 18 13 17 16 16 10 11 20 17 18 11 18 15 19 12 19 18 19 13 13 16 12 15 20 16 18 20 16 16 20 15 13 13 20 20 18 13 20 10 17 15 19 13 20 20 20 10 20 12 10 20 10 11 16 17 14 11 17 11 20 19 10 17 13 14 20 15 18 17 20 16 15 10 10 18 20 12 20 17 14 11 19 20 18 12 17 16 10 20 20 16 18 16 10 13 11 20 10 19 18 11 10 11 18 17 13 16 19 19 17 19 13 14 15 12 12 16 12 18 20 17 11 19 20 20 16 17 20 15 18 11 11 14 12 15 13 11 18 13 11 16 14 16 14 18 10 18 14 16 15 19 13 16 18 12 11 10 15 17 10 11 10 12 17 10 18 19 14 20 17 17 20 18 13 15 12 18 16 14 18 18 13 19 20 12 13 18 17 16 18 16 11 13 18 20 11 11 19 15 16 11 15 10 14 19 16 11 20 16 16 14 20 11 17 16 10 14 20 11 12 20 12 20 20 18 10 15 10 12 16 19 19 19 11 13 10 16 19 20 11 20 20 18 14 20 20 12 12 20 14 12 18 17 11 15 19 17 15 15 20 11 13 17 19 15 11 13 16 20 20 13 20 13 14 10 10 12 20 16 20 20 20 15 17 14 15 18 17 12 12 14 10 11 11 20 12 14 13 16 17 17 12 10 12 20 15 18 18 18 20 20 14 18 20 14 14 12 14 14 17 12 19 17 13 10 17 14 13 20 20 19 20 14 20 11 20 18 17 10 13 12 13
20 200
