2
2 3 1093
2 3 1933
500
15826 44712 2052
13926 54018 2936
3585 42894 2469
23058 52288 5391
8804 50243 4967
2064 46060 5258
23704 49710 4921
32459 40409 201
17547 51175 4950
12893 45073 4849
2346 31291 4223
26858 54979 1268
35599 48279 831
4273 38515 2891
8832 35110 1087
4962 50061 4965
28824 54635 4630
1827 56668 3004
46079 56181 1846
9056 56974 4419
21141 37441 1919
26293 56754 4783
46196 54802 565
59441 59595 2
33413 59614 4664
7084 56434 5922
48782 59082 1957
7724 47977 4959
43252 59345 1562
1579 42530 4863
26898 53590 1026
1835 8858 866
35365 54747 2467
30157 46506 427
9824 57078 4869
13056 24818 2080
45860 57665 1474
3276 45539 5575
18931 41561 3597
7739 57126 5317
25478 57008 5062
8730 56396 267
1747 24219 4317
2168 31645 3330
14560 49594 4775
43989 58610 2923
35436 57703 3367
18782 38507 2235
5256 43468 2777
8177 54187 1419
20187 44259 2482
54420 56289 162
18921 41785 1699
1043 37463 3869
27682 40176 532
31324 52824 453
22686 45324 2418
7741 39982 3545
3402 52531 4293
38912 56165 1362
27851 52946 2494
552 27150 4631
6225 29715 3538
19654 59522 4362
23266 53418 1733
2505 56546 1764
6450 55503 2681
19128 55118 3727
25361 52500 5120
10538 58096 3076
55185 58839 513
9158 27051 3337
3785 43156 2355
2724 10823 1260
22751 49435 5180
2273 24040 2647
32308 45858 225
21847 44776 3312
17902 50550 3351
15157 39586 241
56973 58270 39
27916 41464 2493
34887 53904 300
18141 50991 5288
34710 57796 1483
2213 44837 5672
29037 59831 3195
1448 25137 3595
14739 40025 4865
4116 23473 2789
31022 53407 2317
30827 53106 4361
6730 52119 3346
32329 53651 1341
4845 32318 5486
13543 26472 41
22326 36266 2008
28703 53497 4521
45829 55148 1717
22073 56737 4708
7352 51197 5694
13096 34272 3493
999 44165 2640
1156 31096 4548
5385 52904 3544
419 16474 2420
2929 33160 4501
18098 56501 5801
37214 57246 2637
35809 57070 1402
4136 48417 4952
10656 45587 5738
465 34380 3581
18669 56647 5319
17731 54058 3864
7630 44377 5669
12699 40721 5117
48131 53104 625
9630 59822 4976
3016 53633 5358
12168 47472 1546
18415 44690 138
22954 58042 3773
25702 49786 3391
14320 48287 5838
20724 51136 5640
16878 35001 2667
44040 58252 2132
15561 58580 5957
35131 50571 1365
37866 52364 905
33066 51232 522
9372 45031 4777
34813 57871 1895
22239 53596 3739
6141 34470 1122
20404 40055 3430
40500 49033 1386
38130 42654 595
14143 45176 5223
29719 49121 3747
8503 41707 4888
17436 47385 707
37915 57641 1316
10123 45660 2289
15881 57015 3507
10246 27344 2631
3057 55991 5922
22712 52600 5583
14753 43609 4408
30457 57315 941
4578 44584 2001
2531 9270 456
21376 54758 5604
19717 27946 1563
44643 58952 2469
2792 27647 2728
22111 55398 4270
3484 53047 348
14797 55135 4636
5962 37120 5386
3128 58433 5069
35539 48597 1166
2342 38439 1878
32941 59215 4685
54887 56703 142
17004 41849 2398
16688 48891 1543
26926 53339 3333
7984 12498 98
15153 48601 3456
10528 50334 3953
25524 58487 5034
8825 23065 1343
10212 39571 5793
28824 55470 4356
7324 24409 3114
5659 23838 2674
29000 52355 4661
896 38996 5536
11734 56062 5461
24606 43553 50
4115 42899 5567
11609 36642 4019
28818 38470 683
22996 57078 5059
14195 54616 4084
23516 57023 2417
6454 32481 4800
31 19570 2235
37029 51697 1760
41027 56659 840
37517 53321 1435
1696 35106 3354
9778 56698 334
10865 46508 3849
1548 52903 5409
6082 57219 5416
12998 39999 3856
23444 58902 4964
34423 54205 1684
26432 44355 2663
16923 52307 4747
22806 52564 2993
10820 59507 3181
40633 59918 3367
2511 39949 3099
23327 44056 2944
43020 50742 1179
16916 57129 3052
25425 55957 5305
15511 57196 2197
21192 56921 5993
20274 54222 1769
12219 53372 4048
6920 40710 3873
10290 37451 4150
10985 56590 5324
18335 48688 5840
11729 42293 5492
39885 58040 195
11714 58917 5319
292 56275 4826
35394 45847 1478
13887 42341 3025
30141 55068 3774
29469 41616 883
22034 52171 3999
1508 33964 5053
20998 49658 594
27045 48537 928
41832 57525 1845
21995 48346 3913
10728 39308 5495
13711 46595 2016
2957 52952 848
31321 49090 2841
9659 49917 1862
1698 19081 2481
45844 52124 1175
20690 33596 699
22740 51576 2799
8476 48731 4020
5080 13989 427
35584 40608 796
24900 55495 2268
8230 45550 34
13993 32957 1125
6461 47849 141
32331 57977 285
19057 55037 5564
21970 52020 5261
14613 39880 1995
33591 56631 4411
31863 51391 1553
7783 56491 1385
41442 56700 2108
7421 44822 3372
2687 57054 4215
8048 24996 1628
15492 40222 4629
47519 53600 975
8260 25238 1611
20255 30677 1777
52737 58320 1058
43526 52438 808
20329 56516 2573
1521 35597 5422
17393 46634 4968
49911 57536 433
51579 57719 1117
35454 44475 1016
30593 56688 2416
33144 54191 3048
24802 46991 4329
4780 24961 3455
26146 48434 352
35259 52408 2875
1589 27534 3681
24739 56697 5141
10986 52424 4923
13888 42166 4560
12179 39807 1975
45043 50751 976
9467 50809 5128
19980 46232 4117
5983 53120 2975
4141 24148 3838
34525 55400 144
1234 44456 1364
783 48525 5403
27809 56476 2362
31133 56701 3608
2267 59232 4223
840 51033 1287
36441 49953 342
20905 51193 4978
54647 58511 90
4711 50660 4344
30930 58771 5532
4738 34784 3328
17 44419 5051
32573 52585 1172
22137 45793 3535
38667 55174 1696
46612 51877 559
17278 40802 1887
19379 45273 4923
6625 42808 5987
29538 57947 5495
18094 51222 5623
5733 57594 2106
5306 40519 3570
31911 47549 3036
39 44026 4525
29249 46598 428
21291 54734 5641
35313 54082 2212
9633 37954 2624
15577 55794 4515
6578 42657 5243
34457 59448 4645
17978 26509 290
24096 53831 3673
47787 52886 510
18550 55105 3699
3330 38036 5117
19447 38610 3190
28139 35779 601
9783 41385 5013
33081 51739 2361
16732 22128 176
1538 30877 4139
5780 35983 1351
44995 47898 436
10124 34112 2096
20091 33298 2371
8514 24449 3170
51038 52743 189
1065 30666 5171
4515 42205 5695
7935 57174 2496
19495 58055 4967
15420 52631 4745
1095 54520 4757
46257 51941 142
3089 20556 3388
6286 52055 3366
41974 58107 2241
14939 44252 5521
26767 57356 5990
5936 51573 3727
19772 51379 5343
39376 58757 2405
1700 18297 2827
31267 59089 4513
14420 32911 1202
21961 34877 1551
18129 50053 22
38279 51428 1366
11208 18058 1240
12218 48956 4817
24611 49657 4795
11698 38380 4639
23957 51672 5313
52038 59863 16
6253 53636 5335
10839 20879 1657
42606 52706 1048
8362 49582 692
33443 58223 4117
26412 56785 5399
25761 57901 3950
8053 38008 3303
8905 39816 1556
24044 35024 273
10282 41078 4545
8320 45508 1046
7806 50740 5824
8561 54484 5033
25116 46822 3528
24752 48255 3926
10344 59430 5873
13812 43780 2366
5833 42855 4776
16827 32062 975
5835 31429 417
16431 49565 5056
11989 38634 2201
24165 48990 1324
12000 51073 3810
6461 35263 659
47714 51797 407
17130 30196 2182
18625 48687 5649
42066 58210 2384
38274 43400 71
39781 58051 3001
12033 57132 5353
41004 49897 1720
5318 47162 2535
23114 53072 4909
27244 49063 613
13300 37405 3141
16139 56876 5851
50040 56265 1187
3392 31427 3302
6680 22307 865
29131 47219 1836
15647 53508 23
30545 45454 350
928 38142 1704
397 5510 480
605 5966 257
5517 50863 5566
11253 37875 2750
8896 26989 645
32840 53549 231
21682 55173 2288
7720 43411 5293
487 44550 5573
25348 45007 1273
17280 55671 2858
7103 55693 2999
30533 39737 523
15814 22910 696
7710 42509 4920
8956 54715 5649
12386 58050 4537
11526 36548 3251
43048 50950 790
5165 37502 2633
31740 50930 400
14403 47560 3265
49494 59447 1290
11277 43037 3763
6573 16779 1585
7036 32489 3675
29217 43312 1145
16082 50287 592
39818 58674 1452
18975 45588 1951
24187 45004 3974
35139 55415 1818
16783 47756 1306
13833 56170 2076
14571 54236 3654
3460 48852 4239
14733 34612 3800
39111 53128 1370
20219 51732 3577
30952 59040 3614
21394 52678 1201
26733 59197 2444
23963 57399 4292
2792 53443 1452
18400 47560 481
24587 49666 4215
22836 45240 2509
2320 13150 171
12013 54408 1432
983 36641 3801
34940 54040 3343
13069 30219 865
34579 59716 2178
2753 52763 4725
573 41101 562
37317 40982 599
12451 59950 3174
5510 30316 873
2069 59197 5361
14013 46747 3755
26470 52792 4216
11179 27428 1678
8969 22850 1261
43274 50813 439
20168 41854 2323
2928 24490 1557
17998 58904 2226
4437 21390 1914
7780 46144 5166
21513 57159 3604
47206 48336 226
38923 59881 468
32921 47474 1072
1003 20408 3052
1278 23963 3892
15231 55785 4803
16875 37440 1994
31818 55040 3973
24638 48870 2161
12152 43008 5375
7839 53041 5906
2737 37204 2489
8190 36024 4733
33569 57099 2568
11377 36882 4368
31921 46320 512
11210 47502 5991
10303 58016 1319
17 10 17 15 12 20 13 19 13 12 19 17 16 17 11 19 13 11 20 18 20 12 14 10 10 12 19 13 15 12 17 20 11 18 20 12 14 12 16 18 13 12 17 13 17 10 12 16 10 20 18 17 20 20 15 19 16 11 14 20 10 11 16 16 14 16 10 19 15 11 13 16 14 17 19 12 10 17 11 12 15 17 18 12 13 14 20 13 14 19 17 14 17 17 17 20 15 20 20 16 20 13 18 16 13 20 11 11 11 15 13 12 20 20 11 11 20 15 13 11 20 19 16 12 16 18 19 12 13 12 19 19 17 12 18 18 16 17 16 11 17 18 20 14 17 11 17 12 18 20 16 14 19 12 13 13 15 15 15 18 20 19 10 15 17 17 12 13 15 13 15 18 11 18 16 10 19 14 13 15 13 12 20 17 12 13 13 16 18 10 16 15 13 11 10 16 12 10 13 14 12 19 11 20 17 13 14 20 11 10 12 20 15 19 15 17 10 17 10 20 13 12 12 14 10 14 18 18 15 15 20 19 14 12 10 17 18 10 19 13 11 20 20 20 18 15 16 11 10 12 13 12 15 18 13 13 15 19 16 15 16 13 15 13 19 12 10 15 10 10 14 14 13 16 20 20 12 12 17 18 14 18 11 18 17 15 16 13 11 16 10 10 16 13 16 11 11 11 20 19 13 16 18 10 10 19 17 11 19 10 13 12 10 11 17 12 12 13 16 15 10 14 11 16 14 13 14 17 20 16 14 16 18 12 12 16 13 12 19 18 13 15 11 17 12 20 15 10 18 13 10 15 11 15 15 11 10 18 13 14 11 17 19 20 19 18 14 13 15 17 16 17 17 18 13 19 18 17 14 19 13 10 19 13 16 17 15 15 11 15 20 20 12 17 19 13 20 18 12 12 16 13 20 16 19 19 11 10 18 11 11 15 17 13 18 18 19 12 10 17 10 16 14 11 14 19 20 13 13 12 14 16 15 11 15 18 18 11 18 17 13 15 19 19 10 17 16 15 18 12 11 13 14 17 17 19 10 15 13 15 20 17 13 16 17 11 14 14 10 10 18 14 13 16 17 19 15 10 15 20 17 11 12 11 13 10 13 20 14 17 18 20 14 13 20 11 11 17 10 17
18 10 18 16 17 17 12 10 12 12 19 17 14 11 15 12 19 20 15 17 20 17 12 16 13 10 19 20 16 11 17 18 10 18 16 12 16 19 13 11 16 12 12 15 17 13 14 15 17 19 13 15 16 20 11 10 16 18 13 15 20 20 11 10 17 20 11 19 15 17 15 20 11 18 12 12 17 13 15 14 10 20 19 16 12 16 16 12 20 14 18 15 15 18 11 15 18 19 11 12 17 11 18 19 18 16 18 10 20 17 10 13 15 20 12 10 16 10 13 12 20 14 19 20 18 11 13 17 16 16 12 16 11 16 19 12 20 20 12 15 13 19 11 20 14 20 19 13 12 11 11 19 13 19 15 10 13 14 12 19 13 15 15 19 18 12 17 12 16 18 18 17 11 18 15 19 19 17 17 19 15 10 16 10 17 17 11 11 11 20 11 17 17 12 11 19 11 19 15 20 15 19 17 18 12 20 18 17 15 19 20 13 18 19 16 19 17 12 15 17 17 11 14 19 19 19 17 19 10 10 19 14 15 16 14 17 10 14 12 14 20 19 17 19 12 11 20 20 10 10 14 15 17 12 14 20 10 13 20 12 11 15 20 14 10 18 15 19 10 16 12 13 14 11 11 20 18 12 12 18 20 16 16 11 11 10 11 19 13 19 14 12 10 19 17 10 17 17 14 11 14 20 13 13 16 13 11 18 17 14 16 11 11 15 13 14 17 19 20 12 14 12 13 13 10 10 19 14 17 15 15 20 16 11 17 19 17 10 11 19 13 11 19 19 17 17 10 10 18 10 16 18 17 13 11 19 10 14 15 20 15 15 17 19 20 20 20 20 18 20 13 13 14 13 14 15 20 12 16 13 14 13 10 12 14 18 11 12 17 13 19 18 18 16 13 10 12 20 11 14 15 10 15 17 17 17 17 14 14 16 13 11 10 11 18 17 16 17 15 10 11 13 19 14 13 19 15 10 20 12 15 18 18 13 15 16 16 13 18 14 11 19 10 12 20 12 15 18 20 10 17 20 19 18 10 20 14 18 14 11 18 20 10 13 10 14 20 14 13 11 11 20 16 19 12 10 13 12 12 14 11 18 11 18 17 12 20 10 19 19 19 20 19 18 15 19 16 13 14 15
20 200
