2
1 1 1000
1 2 1000
500
53416 57697 606
40882 55980 328
18493 50007 3705
16817 45850 5441
34926 58690 4026
34509 53804 2404
22247 58667 4621
35330 59099 3651
19445 57515 3257
8658 46227 1022
15244 46969 3656
8102 34351 1320
25230 37921 1633
3902 47785 4225
16719 36604 3022
45488 51506 805
32162 57609 2587
29430 55303 4872
26207 53302 5291
1469 23596 3288
27187 53683 4801
9629 49217 5436
15841 50776 3933
9756 58826 4326
28970 50350 3097
17725 51570 3124
34986 57545 3917
10640 54515 4016
31336 57586 5093
11917 44901 4772
14934 48744 358
38747 59237 3064
16189 43182 324
10944 40818 5809
2289 46018 3345
9989 27689 1585
4194 25195 2180
4203 19753 1762
4144 40783 5725
28882 55787 3296
3255 58763 5757
18665 51138 5933
36172 53863 1257
14534 46108 152
24123 59277 5987
26757 44178 1948
2928 48630 2439
21918 56351 5692
38149 48455 84
7822 37165 303
49092 57264 882
4498 31800 5143
32309 59913 5519
27417 41849 1352
10992 39288 1830
28377 57075 5254
23918 55206 5552
36995 49356 529
25740 58193 5521
28309 55086 4218
29222 54403 952
16600 45245 2618
26294 52321 1865
29598 58390 2638
20917 53100 3977
4777 44038 5746
15589 42051 3261
38255 57811 3847
26578 46475 3095
48912 56587 273
35127 49647 2785
50805 59777 966
22936 59593 4382
42926 56599 2003
11133 57903 1402
16290 57149 5858
10128 37447 2069
44481 53396 1777
6028 50505 3332
9312 13991 258
422 34576 2324
24782 49174 4260
2528 37323 4448
16607 34225 1404
30620 59479 3414
28764 49477 3129
19343 42731 4000
30849 54132 3238
24508 41639 3316
53909 58583 816
21329 49393 5266
1181 50973 3066
24755 51124 3340
23432 49932 5060
5173 48003 2701
16705 37956 1334
669 51810 3412
12620 34960 3260
30595 59821 4774
13913 27628 1329
46199 59965 720
12093 52378 5657
45130 57903 1411
7125 52738 5445
25380 46330 387
10527 57219 3134
4583 36684 4488
24046 56153 4589
23082 38541 2629
53515 58971 1034
35447 50200 732
11506 59229 5030
28288 59844 5694
2464 49579 4934
30725 59899 5361
9200 52187 2094
1990 31779 3084
36387 45978 1854
26227 59182 4142
27719 50721 3485
42300 59636 2337
47198 59856 2214
25250 58220 4386
13340 47831 3027
24428 44354 3040
4949 42339 1980
10950 54828 5940
29714 39403 1599
22091 53966 5220
17504 49210 1263
5751 33970 1110
15888 55352 1550
13585 20574 801
14247 44345 5478
4515 33405 5126
15817 47574 2773
29189 57087 4168
3768 47676 3598
130 43379 1404
6004 52391 5613
15556 46915 5778
30029 49909 2650
34934 59069 4807
27683 59890 5278
55907 59751 748
26248 30534 42
41576 59180 2707
36315 55616 3309
5503 56809 1075
18089 43041 4876
18287 58842 3638
20097 49833 3618
40904 54250 1433
7663 41174 2615
621 53700 3445
21832 48507 982
22398 46720 738
19131 51192 4891
39194 57928 3279
7774 30165 1641
23641 50971 324
2854 31234 4923
37314 44313 992
25970 45398 1055
172 36436 3807
29409 53601 1706
39923 50039 1013
39868 58533 3524
22577 52067 1931
29989 59015 5596
30513 53944 4422
28248 41433 2070
12304 54831 5273
8927 57418 1447
19787 46603 3894
47199 57370 364
17954 56325 4079
13944 58297 2337
662 28538 4362
27737 49581 704
39052 59438 1544
29685 57938 5432
39935 59864 3287
7306 23865 1785
47484 59946 1802
27509 56535 2823
21567 52427 5186
28906 54499 2578
33346 57454 4672
42694 52817 1159
34413 57134 92
11092 32642 93
10942 41972 1705
17140 58915 5129
6064 36037 3012
31576 50778 2964
5177 44745 5711
54680 58915 682
8957 45795 389
53546 56517 586
4685 42577 681
37406 53512 859
46927 58577 1527
14910 48812 3544
36946 54881 260
14511 51925 4868
25403 58562 5833
4373 58683 3923
44024 56840 1039
18088 54140 5716
40822 56048 2207
21311 42214 2836
10850 17547 582
40345 57743 3136
29240 34185 876
18340 53298 3239
20463 59253 5699
10922 39659 3311
27099 46256 2351
40151 59240 2778
21473 51073 5313
19670 59295 4469
11497 48558 4633
16980 55445 5319
1886 54719 5979
32781 47734 1495
43683 57728 2227
704 19392 587
22740 59504 3557
6721 33195 1699
37198 58885 4295
9373 32413 1154
30431 58937 2182
18287 52781 5463
18985 35459 2670
2384 20967 2783
28009 56896 4692
21796 43497 1908
49505 56907 788
2731 56179 3457
23255 33641 904
1190 38691 5642
13850 23844 997
583 33068 4951
120 14296 2793
28886 59765 3934
56755 59467 227
16058 30824 2830
19367 58091 2624
20891 58820 5324
25073 56023 5849
37321 59671 4212
15951 49583 1716
31710 55661 3989
12548 59046 5177
31008 59756 5542
44870 52556 1026
16033 59866 5289
8080 48102 480
22071 49013 4070
3393 26453 3301
8154 23908 2002
11502 38066 1738
23038 59375 4454
9933 39741 2853
42668 57003 1366
31899 40450 310
43129 57443 2842
248 41856 5894
21737 37815 1903
30657 54122 4620
25252 47281 3913
26670 45211 2414
50932 55024 489
7460 39796 4626
1219 33162 5605
44300 59867 2979
42437 58690 2961
38466 58685 3482
22516 55347 1458
27517 51486 4548
36614 49050 1621
34052 56522 3519
27076 35333 167
34608 58856 1996
34317 59115 3728
18800 53997 3084
34193 52652 2102
10618 51882 59
3856 48197 4017
52056 56666 525
14137 37534 1635
824 30093 3613
18148 42345 4209
23086 36173 3
18371 52081 1743
34951 58969 2835
32889 59139 5051
20491 54920 3757
22077 25634 326
35612 54224 1778
26510 47831 1820
25863 37528 1560
10943 47328 5970
13759 54892 5112
13978 51613 3280
11779 34657 4141
4407 57395 4148
28207 44615 2343
29637 57342 282
18488 43921 4417
15054 36540 3377
28758 59448 5449
13576 41066 3123
32596 58462 1964
409 38935 4113
13169 34984 909
11454 39802 2504
17656 47204 1356
27960 39322 991
9838 25152 542
20810 59068 1976
26228 55152 1125
18711 31896 1556
13552 40586 5262
49912 55823 885
36304 49104 503
17949 58064 5653
17499 34105 3140
27404 36382 516
8690 31971 4568
2279 55756 2240
33476 57959 4880
43345 45912 353
26086 57387 3899
19318 36443 2443
28427 48850 3390
52273 59418 495
7644 56250 3782
3749 58553 4020
15570 24196 1696
42646 57543 2611
35922 53911 1250
17027 54130 5815
54757 55479 142
6376 47855 4902
13510 37626 3269
5329 38061 561
24327 50147 3676
1821 25387 4051
2556 59207 2504
3768 51724 5234
42597 54095 2224
43539 55788 637
1540 19537 1046
35935 57197 3677
34146 50636 1966
26574 59707 5760
20037 54457 5657
20743 47463 2502
39476 59302 592
37987 59168 4122
18584 54497 2629
32028 56658 4811
22082 52424 3689
8068 57140 2821
20679 54793 3897
23343 53306 5793
17358 38198 3787
871 57924 3016
3254 29965 3282
758 49465 2846
24683 50608 3027
9385 25125 3089
35515 59683 4810
25238 53150 5111
39237 58072 3132
1518 26480 1390
27448 59203 5390
42263 54642 1112
13203 35558 2477
24013 33584 181
21740 56693 5812
23148 55654 5917
45381 57231 1667
1281 30148 3285
29618 52897 3820
21529 58247 4514
20347 25671 926
13967 33026 3015
8630 45479 4668
1679 25550 3752
20027 45659 3529
8309 53918 4385
23224 52078 2450
15449 46477 2232
56075 58273 402
19957 54435 2587
773 17904 3160
10841 40175 711
32011 41625 907
27339 54622 4561
10646 39649 5349
26801 55564 5711
28773 53551 3816
4360 45845 1992
34223 51461 2773
39723 57621 3391
5643 43148 3013
14410 42357 4784
20417 42565 3360
22508 42198 1934
10300 41752 1560
5996 52232 1515
30346 56243 4567
20978 45303 4820
11216 50573 2758
18083 42098 2413
23872 56298 5726
31941 59949 2059
31897 56822 4047
33291 49448 3192
37220 51192 1417
16271 38951 3804
20273 54741 4471
10198 23270 2127
24426 59660 4078
3125 57251 5768
12982 59468 4710
18370 57279 5804
27571 59702 5925
30709 56711 3066
40233 54777 2606
16431 54949 3370
10133 53459 5927
29110 43805 2255
42438 59095 1619
18540 43192 3379
4523 47437 5964
11763 55181 5475
33020 58904 4964
21435 56820 1915
38945 58756 1769
38156 58568 2327
21617 51592 5553
3243 52884 3088
35072 59133 1312
14686 48447 2353
19857 59127 5956
46691 55640 1371
43258 56905 2621
7170 58521 4178
15842 43782 5569
19512 38845 1097
11176 40871 4946
10052 46322 4644
14479 49793 5227
1061 26527 4424
10500 14798 602
19309 43557 3969
21139 59552 5823
7984 32091 4475
3312 42987 4852
32112 59635 5464
4972 39277 5093
32819 59938 4725
11399 43072 5466
37960 53339 2978
41155 57121 2100
13106 39637 1866
24966 57098 3970
16597 55976 2554
50769 59874 1736
21362 58749 3342
33171 41917 1206
28072 55209 3941
32529 57373 2259
45736 49300 87
1783 28371 4996
35240 54829 2222
7369 18160 993
33906 59741 3367
4998 34794 1175
14160 52856 3890
51069 59652 1135
2666 44992 1102
57640 58720 142
46888 58430 1366
20344 40736 2418
36805 42231 20
25581 59758 3610
14613 58249 5605
38581 51789 2037
37768 47451 1871
26899 34051 1126
3637 37601 4270
1942 29929 5490
19105 35490 1845
29639 59318 5627
11544 42203 5315
16 15 13 19 19 17 16 13 19 14 11 17 12 15 16 20 17 15 11 15 17 18 10 10 11 18 20 13 10 13 15 13 10 20 12 18 14 20 20 17 14 14 15 10 15 10 18 17 18 20 10 18 20 12 17 15 19 18 11 14 17 16 13 17 18 13 19 16 19 20 12 10 17 12 19 20 10 13 14 17 15 17 18 16 15 18 10 10 14 14 13 10 10 11 10 19 19 13 11 15 14 11 17 19 19 11 11 16 10 17 16 11 10 17 10 16 15 13 17 10 19 18 17 17 13 19 12 16 15 19 11 17 14 20 15 20 15 17 15 14 20 14 18 15 10 17 12 10 16 10 17 10 18 13 15 10 12 15 10 13 13 15 15 15 11 17 12 13 15 17 12 19 19 16 10 19 18 17 17 10 12 10 11 14 10 18 17 17 15 12 20 11 19 17 19 19 20 19 18 15 18 12 16 13 13 17 17 11 18 10 17 11 16 20 16 18 13 15 13 14 14 13 14 14 19 12 18 15 20 18 18 17 19 15 11 15 15 19 13 14 11 19 14 13 19 13 18 17 17 12 18 11 19 11 16 11 12 19 13 10 20 10 15 19 20 10 12 12 12 11 19 17 18 16 15 19 18 18 19 10 12 14 13 19 15 17 16 10 10 17 13 17 12 11 10 10 10 11 10 16 19 15 18 20 13 12 11 13 15 17 18 18 15 18 20 19 20 20 19 13 17 14 20 20 13 18 11 13 15 11 18 10 19 15 12 19 16 13 10 15 14 16 12 13 12 17 17 12 16 12 10 11 13 20 19 10 18 19 11 18 10 11 19 17 13 17 18 14 17 13 14 18 19 14 15 17 20 10 13 17 15 12 19 11 12 20 17 13 16 17 12 17 13 12 16 13 18 14 17 14 10 13 13 20 13 13 20 14 15 15 10 17 15 17 13 12 19 16 15 13 15 17 20 15 11 18 13 14 16 15 20 12 18 19 15 12 17 18 20 15 16 12 18 19 19 10 18 12 11 10 16 16 18 13 20 20 12 13 15 16 14 18 17 17 15 20 19 18 14 16 12 16 20 10 20 19 19 20 14 12 14 17 12 14 14 18 13 17 15 14 12 18 20 10 14 11 13 15 12 20
20 20 12 19 12 16 10 10 11 16 20 13 16 15 14 18 17 12 20 10 12 18 18 13 18 20 20 16 14 12 16 16 10 16 18 16 17 14 13 10 13 12 16 17 10 12 12 10 19 10 15 16 11 16 19 18 14 12 16 12 14 10 18 14 12 16 15 14 20 16 18 13 15 17 15 13 12 11 13 12 20 19 14 10 16 16 18 16 10 14 17 19 15 12 17 18 20 12 10 10 14 14 18 12 19 13 10 12 16 18 13 19 16 20 15 15 18 17 20 17 17 20 15 16 17 13 20 14 12 20 12 20 13 12 19 19 10 14 15 12 19 14 14 20 13 14 16 12 12 18 11 12 15 15 18 18 10 18 14 12 16 16 18 14 11 14 20 15 10 16 13 17 10 14 19 10 19 17 12 11 16 17 11 11 19 12 18 14 18 17 15 15 14 16 16 14 20 18 17 12 19 17 11 20 11 18 11 16 13 13 18 13 15 10 15 13 18 20 15 14 19 17 10 16 20 18 18 20 18 16 12 15 19 19 12 13 17 19 16 19 18 13 13 17 13 12 17 20 15 12 18 17 17 20 17 19 15 12 10 19 14 19 12 12 18 20 19 12 16 13 10 13 20 10 19 18 18 16 20 14 11 18 10 14 20 16 20 16 18 10 11 10 18 11 20 10 17 14 11 13 18 20 10 20 10 14 19 14 20 20 15 18 19 12 13 11 12 10 17 14 11 10 17 19 16 19 18 14 19 18 17 18 15 17 14 20 18 18 10 17 19 10 19 17 12 17 17 17 16 13 11 11 16 16 13 13 17 20 17 16 11 17 10 10 16 14 17 19 12 14 12 12 16 14 10 14 14 11 19 20 11 11 11 19 16 16 17 18 13 15 19 15 17 13 20 13 17 10 14 15 14 11 17 16 20 17 11 14 18 11 12 20 17 17 17 19 14 18 19 13 19 13 13 14 17 13 19 17 10 19 18 14 11 15 20 14 10 16 13 11 20 16 18 13 12 19 12 15 17 18 15 14 10 14 11 10 15 14 17 20 19 19 12 19 19 16 20 15 10 19 12 16 15 17 12 19 13 20 11 18 10 14 19 17 19 12 18 15 10 20 12 17 14 16 17 13 10 15 12 10
20 200
