2
2 1 1069
2 1 1500
500
25999 50589 4305
28959 58519 3866
1333 32108 5221
11841 57756 5310
22531 56321 3901
6862 39669 4859
1327 22842 4122
24343 56550 5310
24114 54132 5844
16633 52644 3064
9903 41852 4146
10106 45466 5114
12439 45158 4976
19383 58201 5079
7504 53631 4175
13518 45693 4557
21660 54677 5712
27631 56845 5543
16438 57173 5700
18595 46053 3018
12641 48976 5892
7174 37391 3846
4607 54985 4035
11415 59371 5289
8765 58131 4105
5522 44445 4670
30088 55523 4615
11334 55962 5667
1824 42610 4341
11981 49207 5985
12686 50038 4045
4452 59681 5698
23356 58560 5796
17549 58491 5179
28080 59468 5250
3316 35874 4862
1550 24747 3647
12897 36939 4570
4662 42488 5921
32087 57535 4515
1677 31658 3855
259 29679 5282
14293 48811 4532
25269 48630 3283
30334 56225 3772
4737 46502 5232
23403 43516 4022
7718 47497 3016
21579 56787 5105
18167 56744 5763
18988 57551 3485
14884 55565 5890
19505 54718 5622
229 52148 4402
6516 47182 3568
9769 42852 3701
22633 58232 3925
16788 58721 3726
26237 55599 5281
3480 59033 4800
30078 58490 5327
26478 57282 5941
3856 36675 5094
30282 51325 3246
7019 42242 4346
4390 54308 4410
24828 57895 4755
7718 56796 3465
26289 50256 4338
2889 53249 3614
7954 52708 3326
28615 54299 3737
24666 50540 3427
2026 51962 5457
438 32148 3229
13283 45959 5425
4046 54895 3282
12488 40907 3197
6645 55607 4329
2168 30789 5375
29612 58521 3967
9792 46665 3356
29529 55243 4273
6402 46259 5343
15174 46612 3316
6720 53013 5973
28747 48835 3992
3984 50057 3074
15048 59588 5457
15082 57821 5124
27037 49704 3667
19711 51630 4061
14146 57678 4190
155 53775 3673
6528 36320 4037
7910 52225 5116
7070 40461 4978
21480 42532 3686
3707 57825 4530
11600 57434 3934
10907 37220 4585
23809 57515 5939
19894 50936 3423
3775 58412 3319
10866 46161 5363
11307 52943 4136
28051 58073 5262
11343 54863 4538
16986 58090 5161
7527 48777 5793
6598 43727 4026
29977 49941 3838
7300 37073 4606
16702 42736 4566
13569 59367 5280
27864 51743 3816
18426 45664 3559
14631 40418 4724
20183 39844 3863
16582 58330 5034
25806 52016 3271
5556 40737 5535
13333 40324 3579
24233 52721 5524
33971 57848 4307
3033 47897 4334
1656 59975 4941
11277 47084 3037
20478 46404 3454
26754 56619 3711
25246 48838 3752
4342 41297 4949
30526 57511 3564
26709 57425 4023
23417 54320 5100
166 35268 5686
28930 53109 3582
33287 53712 3244
13983 34624 3854
24635 56785 4153
5485 55698 3084
1872 32515 4665
27385 51619 4407
30479 55261 4077
6303 53640 3127
2812 42872 3118
18104 49723 5783
19653 37587 3153
6613 36051 5152
4430 53233 4445
1134 36529 5698
2049 35910 4756
6631 46705 5766
2958 30925 3769
8304 43408 5074
10648 57936 4996
976 53549 3392
33038 59200 4824
1719 40047 5475
7849 52335 3104
26471 48567 3896
19686 52279 5338
16176 53610 3789
17246 32607 3047
16130 48932 3379
21370 57020 5762
11817 51251 3966
8667 44477 4369
9546 58216 4423
17734 45989 5293
19376 49291 5032
25831 56904 4231
18518 55711 3417
16773 40939 3620
10004 44233 4982
16883 41660 4024
7702 56457 5126
19913 54289 5850
26481 51133 4599
3459 56186 4070
6249 58357 4903
19717 52010 5284
4769 40405 5227
36871 57546 3543
17072 56542 3656
37618 58788 3236
14900 52114 4902
12711 36412 3264
1148 49180 5940
6420 38084 5739
19820 52153 4351
1759 50442 4060
27723 53525 4677
10790 41545 5932
14370 34396 3497
8440 28538 3569
16310 51390 5916
28854 56226 4260
7035 55065 5882
25636 48284 3577
24183 53132 4602
2143 36351 3375
29624 58205 5681
21460 51727 4329
19364 52230 4789
20961 40693 3690
11152 44897 5778
9016 44704 5411
28923 52753 4616
7031 53688 5409
12492 46359 4290
23038 52828 5731
22179 58902 3454
12918 39997 3635
31422 57525 4050
4548 58227 3265
5775 42384 3832
29488 51121 4203
16596 50995 3179
19721 57611 5282
4374 41818 4694
9061 58004 5329
8225 37724 4704
23813 44007 3571
16325 46987 5002
4221 36567 3784
7895 50571 3069
12441 41330 4688
2876 43211 5447
28320 59842 5481
16929 48719 5972
18154 43718 4087
20885 52004 4059
25241 58475 5832
9724 51616 5631
14339 49599 4807
5756 35482 5944
8738 59633 4467
17706 54083 5194
16248 36356 3015
11835 44084 3428
26008 56791 4143
19078 47794 5199
10185 56022 5974
10344 37927 3011
32214 57955 3882
7636 37791 5924
4668 36475 3440
11698 49534 5590
23103 58354 4476
19465 49923 4450
23269 52496 4313
2000 47859 3007
23608 51726 5425
16061 58031 5134
28431 59925 5342
9321 56383 5332
16088 50450 3044
1236 54158 5070
10471 44142 5273
29618 50610 3328
11808 37975 4240
18702 48584 4511
10951 45366 3906
11707 40076 5170
12637 47741 4169
14812 51127 4496
28480 59623 4530
9113 37100 4759
5648 54090 4929
13678 51032 4467
22939 48524 3583
14549 52607 3918
9983 44896 5093
18732 59480 5717
8904 53770 3706
29591 59255 5786
4009 46346 5706
21294 55140 3183
9745 47576 4763
7254 31362 3863
24012 57408 5146
24367 53952 5399
25887 55877 4341
20128 52410 4430
10113 49287 4712
7698 39881 5856
3656 38765 4077
26560 47829 3803
19883 53907 3960
16701 52907 5335
16257 43087 4831
30277 58669 4148
28448 51921 4581
11861 58618 5001
29317 51930 3481
15363 47224 5221
4037 43457 3660
22425 58382 5530
21985 57398 4666
11145 37073 3990
23744 51771 3578
22471 51304 4084
133 30166 4586
2962 35429 5913
1032 30719 4753
20610 47096 3430
20160 59930 3598
8265 59161 4310
2490 43237 4671
16141 59608 4381
12172 32298 3944
34036 59171 4977
21044 53829 3163
32266 57600 3274
2530 28521 4277
5840 31023 3755
30050 53722 3670
5489 29566 3260
8803 40331 3863
680 31920 5592
1782 41317 4468
16649 53270 4909
18407 58749 5301
39 30948 4778
5181 55567 4693
16807 58103 4473
5026 46723 4468
10084 44629 5963
1564 40030 4906
5994 50778 3862
14786 58199 3989
13039 41474 5039
14396 47059 3070
12875 33100 3967
15507 36284 3944
15081 46214 5615
25285 57601 4558
17235 48734 5779
3852 41654 4016
2668 26822 3567
23015 59298 4599
20170 50232 5126
8778 47794 3913
11097 58274 4883
19900 59619 4342
615 59221 3023
26632 51933 3044
27023 56910 4118
13976 53407 5696
26359 59305 4293
4967 47020 5045
11730 41395 5852
2509 50255 5654
5491 49210 3706
9253 57293 5299
3082 39907 4884
20496 49927 5657
7404 26813 3719
22102 45657 3792
7901 33720 5026
3093 40355 3829
27445 58656 4551
16726 52290 3919
12759 36858 4073
32107 53702 3301
11640 56403 3628
19504 59273 5683
19972 47924 4672
39904 57892 3485
17197 56669 5470
25483 53942 5384
15952 57425 3615
6757 54874 5755
24108 45722 4211
1056 55243 3378
24224 57318 5896
30540 51533 3669
17195 55663 4611
11646 38780 4712
31053 52682 3947
21822 58794 5300
8994 52812 4336
12207 59876 3174
11116 59013 4465
30530 56000 4814
22401 56946 4835
1536 39869 5572
3104 55898 3650
1416 46223 5779
3670 41882 5870
2166 58475 4396
6070 45987 3067
29209 57581 4972
16622 47629 3028
18552 52409 5803
17195 41240 3686
13727 53866 3813
15966 47795 5661
14489 48307 4527
27204 48177 3220
33069 59694 5055
17649 56792 3701
17118 43616 4288
12150 46963 4586
2718 34372 4049
28485 53448 3485
6665 44567 3200
6347 23336 3173
7762 51338 5920
3723 42400 5334
4074 30958 3952
1014 31438 4048
12015 58525 3769
31882 53737 4130
2869 29882 3639
12843 42060 4515
8781 52519 3833
21345 58435 4617
7661 39822 5491
1279 39243 5533
16057 47030 5549
3863 46669 5822
16103 49441 4198
9471 29945 3393
22873 56379 5474
3907 57142 4623
6463 59404 5147
10149 44839 5094
21163 58584 3638
12298 42588 4548
8092 34934 3952
22663 57982 4349
724 32060 3867
20971 53993 5986
9329 48222 5826
16346 56993 3592
14343 46276 5974
14709 54428 5544
27523 53281 4154
18002 44540 4278
2517 29190 3784
12379 30464 3205
28575 53162 4025
15816 51987 5471
22216 49763 4798
8078 45326 3482
15145 42407 5391
9678 46219 4417
6638 42807 3147
18976 57876 4783
25995 50877 3657
13325 47309 5823
11168 49000 5657
3856 32332 4546
26881 56493 3837
16387 57368 3569
18728 42373 3395
15569 44273 4641
7248 49547 5208
33815 50977 3383
17424 55947 3729
26310 59254 5059
20949 47399 3729
11752 53783 4173
37533 53970 3271
22787 49466 5329
2901 31103 5515
10145 44303 4390
20557 53041 3388
4669 23977 3233
9839 53196 4012
15264 34150 3341
14167 46903 3964
24158 50793 4837
17942 46928 5289
37361 56407 3064
6631 48214 4049
15893 44871 4676
1020 54421 3502
1245 42405 5154
23732 55736 3231
9559 54557 4499
11649 59376 5512
2731 42825 5572
2243 46858 5789
24140 58892 3066
6424 41732 3152
11024 47555 5884
18922 56049 4973
4697 41449 5891
20105 50706 3338
11471 55872 4543
5936 51384 5643
1832 37810 3914
10907 34230 3152
8217 56966 5002
16924 45685 4180
22854 59882 3595
9491 34248 3727
11 15 17 15 19 12 18 19 11 19 14 18 10 11 16 11 14 17 15 10 13 12 20 10 11 17 10 10 10 17 14 17 16 19 18 13 16 20 13 11 17 18 20 15 20 14 10 20 17 16 12 14 11 12 10 20 17 10 10 10 16 14 10 16 12 16 18 20 11 16 12 15 14 13 18 16 14 19 15 19 18 14 19 15 12 18 15 16 16 18 13 11 19 20 10 16 17 20 18 20 12 10 17 20 18 11 16 10 19 20 13 14 12 19 12 17 13 14 12 10 18 20 11 11 13 10 10 16 14 10 12 12 18 12 19 20 10 16 19 17 13 20 18 11 16 17 11 20 17 11 17 14 14 12 11 14 13 10 20 19 17 12 14 14 19 17 13 12 20 12 18 16 17 13 13 19 12 15 16 10 10 11 15 18 13 18 19 16 18 15 18 17 16 15 11 13 11 18 10 20 18 12 18 19 14 12 12 16 20 13 15 20 19 15 10 18 15 13 10 19 15 14 15 15 19 14 16 11 18 10 14 11 11 20 12 18 14 18 14 10 10 10 11 10 11 15 16 15 12 14 14 15 11 10 11 19 12 20 12 13 17 16 10 20 19 18 20 13 18 18 18 19 12 15 18 19 20 13 16 15 20 16 14 18 13 20 15 19 10 11 17 16 10 19 16 11 20 11 11 17 13 18 11 18 19 10 14 12 15 17 11 13 13 11 14 10 10 10 13 10 19 11 12 17 20 11 10 12 11 10 16 10 14 17 17 18 11 13 17 11 11 19 10 14 13 18 19 16 11 13 20 18 12 10 12 15 15 19 13 14 17 17 11 20 16 10 17 18 19 17 13 15 17 16 11 13 19 10 14 20 11 13 11 10 12 13 15 18 18 10 14 16 15 12 15 11 13 12 14 19 18 15 13 20 17 17 11 18 16 17 14 15 16 10 20 17 18 10 12 20 11 12 19 10 14 12 18 16 11 20 16 11 10 13 10 15 20 12 11 14 20 18 19 14 18 14 17 18 19 20 13 19 16 14 16 11 12 15 10 15 17 17 10 15 15 13 12 18 15 12 14 10 16 16 14 11 14 17 15 16 19 12 11 15 19 15 20 18 16 19 13 18 19 20 17 13 17 10 18 20
16 20 12 12 18 16 10 11 20 10 10 10 19 12 14 16 20 17 13 19 20 13 18 18 16 18 19 15 20 16 12 12 13 19 13 17 15 10 10 17 13 10 18 17 19 20 14 11 18 15 11 14 15 14 18 10 12 13 11 13 12 13 10 13 16 12 18 11 16 18 19 20 10 11 15 13 17 19 16 16 18 18 19 19 17 20 15 20 15 17 14 10 14 12 13 20 13 15 20 14 10 14 19 20 11 18 18 13 18 19 18 11 18 12 15 16 19 20 13 10 14 18 16 17 13 16 15 15 18 11 19 15 11 19 10 20 13 12 13 20 11 17 20 20 19 16 17 16 19 17 10 15 13 11 14 17 17 12 19 20 20 18 19 10 12 14 11 20 14 16 11 14 12 11 16 14 16 13 13 11 15 10 16 10 13 10 19 11 15 19 19 12 13 19 17 10 20 14 11 17 12 12 13 18 10 18 16 11 19 12 12 17 20 19 17 17 17 13 16 18 16 12 11 16 13 20 10 12 11 10 12 14 14 13 15 16 14 19 13 17 16 12 18 15 14 15 20 15 11 12 17 11 20 12 17 15 15 17 11 17 19 10 14 19 10 20 15 14 13 13 12 20 15 19 16 14 14 12 19 12 16 13 17 19 13 16 18 14 11 15 17 10 19 20 14 15 18 19 13 13 10 16 14 18 12 19 17 17 12 12 15 12 16 10 13 15 12 16 13 15 20 11 14 11 16 19 11 11 12 19 14 11 11 20 10 15 13 11 16 13 17 17 17 17 18 17 19 17 10 12 20 16 16 16 19 14 18 20 15 15 16 20 17 12 11 12 19 16 18 19 17 13 15 17 16 11 18 14 15 18 18 13 19 18 12 17 16 14 11 11 14 16 19 16 12 19 12 16 18 15 16 19 18 11 11 14 15 12 14 14 15 19 16 20 17 19 10 20 10 16 18 16 13 10 11 10 18 17 11 14 14 13 17 13 14 14 15 17 19 12 19 14 17 20 18 15 10 16 14 17 16 11 15 18 14 17 15 20 20 19 13 20 20 15 13 12 10 16 20 12 13 13 17 15 14 10 18 13 14 15 15 13 10 18 17 19 11 16 12 18 19 19 15 12 20 13 17 17 17 19
20 200
