2
1 1 1852
1 1 1624
500
33192 54375 4184
2391 53862 5435
37552 59747 4347
18110 51752 5913
31111 59616 5226
4551 48667 5091
701 39244 4691
30978 59938 5737
38701 59906 4146
24938 57839 4968
8055 42262 4495
23120 57522 5426
5271 36559 5407
9650 54100 4354
6572 36493 4180
19272 48133 5134
24973 53163 4958
4579 55016 5297
20277 51378 4593
23527 54453 5759
3669 32790 5079
8364 56125 5189
17479 44613 4284
30164 59950 5808
3929 37178 4172
25452 50472 4665
30345 56174 4856
27483 47678 4012
21202 54662 4428
14537 58470 5440
23563 52042 5013
2256 41006 5739
2879 35518 5381
4344 48921 4726
20088 55153 5900
34291 56302 4138
33087 59964 5359
18889 52505 4844
4768 40236 5474
23038 52374 5236
4639 36448 5814
8889 47839 5535
27174 52400 4553
16456 52715 4523
34197 56994 4456
11658 50387 4744
23174 54833 5956
20615 58489 5784
24516 56169 5443
18227 53313 4914
23225 51768 4714
28002 54351 4137
5156 49742 4815
20350 46771 5025
15545 52279 5614
27758 55963 4493
5424 35733 5518
25022 59166 4794
18900 58691 5424
33166 59211 4180
32855 59697 5052
18267 49915 5932
33931 58438 4796
25086 54791 4510
20118 47475 5086
12414 49572 5100
7360 45657 5811
4206 44180 4201
8431 49626 5445
28334 57252 4426
17411 54815 4818
14636 48888 5765
11045 37990 4947
10134 39792 4588
7664 59513 4667
26929 58783 5813
35476 58042 4512
5401 31748 5210
29368 56352 5320
36357 58136 4276
16610 59203 5842
25782 56352 5970
10453 43322 4927
21869 51945 4805
16276 44881 5555
30972 58196 4610
39281 59736 4084
22620 51462 5156
33881 59245 5042
22639 55168 4638
12240 43444 4868
4461 57393 4842
1239 35344 4092
22397 54916 5335
10917 48823 5990
23158 56204 5659
32944 58009 4305
1958 59218 5821
28050 59080 5841
17123 53000 5097
12458 49829 5550
16119 55408 5265
28856 50997 4236
14718 51460 5307
26786 52777 4820
24864 55388 5619
25916 46125 4022
18815 57639 4002
5781 57796 5342
35344 59950 4241
1566 51127 4860
8407 51821 5840
17201 44855 4451
20509 54200 5002
8354 55480 4357
32852 58122 4329
34174 56980 4380
30339 57464 4602
14741 57981 5707
1472 52663 5478
20336 57343 4634
4326 44751 4129
1953 39437 4868
14965 56387 5492
3617 27782 4356
17774 54221 4791
29603 59496 5971
12874 59214 5815
1237 34842 4454
1658 30720 5681
22367 50702 4336
22353 52397 4192
2528 35909 5037
8465 53566 4314
24121 59505 4582
27908 59026 5996
25003 58844 5946
12211 51139 5873
15812 49270 5654
29157 59343 5520
12080 51545 4600
30388 59962 5792
27847 56895 4885
7244 40385 4151
3488 51257 5156
8625 37570 4327
28031 57143 4726
2753 58154 5223
3681 40352 4803
31396 58136 5078
12574 51874 5447
4470 55126 4213
24913 57976 4439
18087 56025 5301
16449 46313 4278
33133 57945 4868
17916 56002 5346
14330 54044 5820
27287 57494 5047
19940 51150 5789
9256 48584 4089
14301 59330 4410
30273 54934 4560
4219 31319 4295
17529 47836 4294
1669 28718 4510
5682 58437 5090
11308 43772 5615
5157 27806 4049
29610 58538 5389
22533 48185 4076
12944 41474 5110
546 49255 5212
12779 42797 5616
6226 39247 4961
32694 59498 5144
13029 37515 4168
17543 53483 5865
12364 57867 4746
17324 49717 5827
12277 59270 5072
27437 57258 5800
27384 57121 5619
33024 56472 4096
18819 48809 5601
8482 47626 4238
11625 34656 4526
9944 48807 5908
7466 42359 4993
15033 56711 4996
18487 47776 5410
37623 58845 4047
27889 53935 4748
14453 37239 4548
39648 59961 4051
10872 44955 5079
20554 59048 4287
29102 57314 4046
27767 59903 4867
10651 49971 4023
21984 42713 4060
9553 36819 4967
1075 50853 5793
3479 39821 4165
2498 39203 4856
25348 56706 5418
27022 58371 5932
5369 38594 4609
17976 56966 5155
23251 57179 5737
36809 59990 4630
23225 48491 4481
3879 28657 4151
12598 51642 5443
21616 53586 4960
6035 37355 5007
37421 59966 4499
35249 57062 4180
26721 55571 4916
21425 49086 4294
12394 44763 4365
13369 46443 4993
6549 33237 4592
14243 57241 4722
230 43285 5675
29178 57027 4763
16563 45686 5393
213 55084 5117
2765 42275 4188
9720 35694 4451
33896 56832 4281
18637 47767 5348
24798 53692 4859
22079 52636 5060
2497 59710 5058
17529 43660 4378
13080 47610 5280
20810 52720 4734
16917 47038 5307
3384 57958 5837
20182 42327 4075
27250 50522 4250
35358 59189 4697
7199 55693 5989
35498 58231 4455
25952 57613 5525
24112 54298 4244
26024 49387 4175
20968 53887 5859
15320 53689 5646
12343 49857 5588
23303 59994 5595
6855 59384 5902
9218 55784 5847
173 29948 5165
12900 40570 4694
25844 55056 4855
27012 55999 4040
12397 44570 4002
28662 58520 5799
25448 58109 4474
21090 59791 4605
14276 47291 5227
17478 58863 4449
27281 50964 4112
30110 58609 5441
24166 48277 4202
30142 56250 4010
10919 47620 5710
19216 58291 4684
26905 53087 5191
16690 39821 4150
32815 56148 4173
27017 54008 5348
22623 57932 5753
17445 56267 5337
515 51320 4627
11191 58246 4843
7008 33061 4602
10118 47161 4293
21778 59063 4355
25105 58957 5297
26750 49193 4279
21126 54817 4843
3186 40343 5163
8646 59893 5826
23794 52510 5678
7125 55685 4529
24061 58740 5856
22257 50760 5504
28148 59729 5709
15834 53628 5152
19551 53687 4424
25856 50219 4054
12658 52801 5983
16718 40853 4532
27121 57684 4569
20365 49040 5156
12194 50812 5756
23838 56182 5555
21301 58950 5512
3120 48025 5784
708 39526 4402
15445 58183 5833
6330 48479 5470
27090 56050 5031
12200 53412 5252
12060 53652 5083
15924 55844 4796
37773 58412 4104
4164 41333 5950
30619 59696 5560
16353 41147 4409
36431 59857 4612
30071 58778 5307
24981 53192 5549
33172 59634 5267
28321 58329 5540
10739 48672 5782
7601 45794 4469
12596 56146 4453
12539 42698 5613
22279 59786 5327
23125 53440 5263
3757 59255 5255
31350 59898 5313
12948 56063 5160
755 26732 4838
7690 59820 4380
28588 58214 5674
29809 58806 4601
17329 49615 5360
2925 34792 5069
2069 47217 5515
30735 58724 4546
381 41067 5230
70 54886 5796
34342 59444 4955
31450 59507 4960
6409 52949 5034
3271 39202 5102
15850 59102 5713
16489 50617 4807
249 27063 4235
23235 58637 5892
6945 35494 5555
18060 55769 5619
27340 59801 5650
11142 41019 4368
18467 45792 4062
18527 45443 4854
31110 59811 5730
35491 59872 4173
30614 59034 5195
18745 49093 5834
10035 39154 5580
33430 57802 4062
9583 46148 5710
26024 54451 5371
3062 44533 4692
19900 57659 5400
2067 41319 4714
12511 57098 5246
24461 57265 4683
7652 50759 4633
4394 30193 4891
30060 51666 4175
438 54338 4548
4455 38633 5686
17531 49266 5505
1817 26793 4657
11667 37021 4826
9536 49007 4678
7737 52414 5304
31041 58360 4391
22637 58179 5573
13841 53437 5028
26023 56751 5121
26928 58611 5667
20118 52166 5037
24730 55082 5559
29312 57067 4617
19782 56948 5610
9545 39824 5284
21458 49319 5329
15829 47932 5589
15962 56431 5628
32919 59670 4846
33157 59636 4338
13310 50880 5045
31082 59001 4637
30302 57375 4515
31750 58093 4682
35615 58169 4202
22830 58861 4852
18258 46585 4917
6207 53767 4847
2432 48892 5552
9388 48480 4726
19851 54336 5866
37790 59655 4130
18140 43401 4452
1599 35533 4474
23904 57055 4690
31468 53221 4311
35333 59982 4898
19019 50866 5987
30550 55146 4918
20265 51119 4214
30339 57651 4844
3593 58881 4190
33514 58256 4476
22926 55977 4697
33464 59076 4758
13301 43379 5686
2113 37662 4286
13828 56872 5053
618 25924 4242
29701 57807 5509
152 53157 5504
13594 35556 4338
3175 54580 5713
19834 49700 5962
38526 59969 4273
37910 59471 4269
25277 57494 4951
12770 39108 4690
18624 51804 5584
4225 31091 4587
15244 45093 5953
15954 55390 4632
10887 57244 4754
12217 37800 4686
2894 38239 5331
29852 59711 4404
24050 51904 4246
242 45715 5784
18452 42592 4310
16387 44451 4203
17210 53789 5908
15498 44201 5195
15735 43189 5192
28152 55835 5129
2797 57242 5364
8942 31512 4512
21044 46875 4317
24304 58041 4396
32445 58384 5147
12659 56676 5394
19367 49662 4160
17584 53346 5082
24296 57954 4862
32317 54930 4454
22811 59442 4025
11481 46937 4334
3800 27669 4076
25978 58113 5983
16042 40311 4700
25769 49679 4160
22001 53870 5841
19182 51420 5539
13811 54655 5805
24731 52472 5046
18126 57338 5322
16614 53113 4560
24571 54635 5795
18455 53900 5440
23463 58911 4499
11569 36574 4417
8091 39450 5600
12895 52886 5988
30182 57904 5365
32248 59755 5070
3687 54215 4741
13818 56283 4104
7222 56449 4651
17279 58675 4477
21998 52463 5431
28898 58909 5906
14121 41326 4167
35747 59555 4529
26286 58330 5474
21166 56263 4702
14166 59870 5874
1391 43064 5171
14442 38344 4682
29155 53743 4154
31117 59932 5649
6321 55330 4181
24989 57602 5332
26940 58988 5911
23225 52294 5563
8602 42968 4939
30592 59989 5874
5971 46129 5622
28033 54559 4684
27098 55845 4236
8949 48140 5881
29458 51447 4313
29175 54710 4518
20 10 16 15 11 13 11 11 19 19 14 12 12 13 11 14 20 10 12 13 12 12 13 19 18 14 14 10 20 18 19 11 12 13 15 12 20 12 14 19 20 20 12 20 12 15 16 20 15 10 12 14 16 20 11 19 12 14 13 15 15 10 17 19 20 16 19 19 19 20 12 13 16 13 14 10 14 13 11 18 10 14 16 11 11 14 17 18 14 11 19 17 20 20 15 13 20 12 15 14 20 17 14 13 18 15 10 12 19 11 20 11 20 10 20 10 15 17 12 11 20 20 15 18 20 12 12 15 14 20 12 16 10 10 20 15 17 14 20 17 20 15 14 17 11 18 12 17 19 20 13 19 13 14 17 19 20 13 16 16 11 13 19 20 20 19 10 13 12 14 14 18 18 15 10 17 18 16 17 12 14 13 15 17 16 15 11 19 10 15 17 12 20 11 15 10 17 13 14 10 19 11 16 14 12 12 13 15 15 16 18 17 17 18 13 11 14 17 18 19 11 16 10 20 11 14 19 15 12 20 14 20 14 16 16 17 12 10 19 19 16 10 12 12 15 10 15 19 18 16 10 16 13 12 10 13 20 17 14 19 14 20 12 15 15 16 20 11 11 18 19 17 20 12 13 14 15 16 13 18 12 14 18 12 20 13 14 19 10 17 13 16 11 16 16 15 18 15 17 17 13 12 12 18 11 20 17 19 18 17 12 14 11 12 11 12 16 12 20 20 17 13 14 17 11 20 14 20 17 19 20 18 15 11 12 20 13 12 11 13 19 16 20 14 10 17 19 17 15 12 14 15 14 18 13 17 16 13 19 17 11 15 15 14 14 20 14 13 10 18 10 18 10 11 14 10 15 18 17 18 12 17 15 12 19 19 18 12 20 11 14 18 10 19 20 13 10 11 13 20 19 10 12 14 20 13 17 18 11 14 20 11 11 14 12 18 12 19 19 16 19 19 19 18 14 13 12 13 17 12 14 18 19 18 17 19 17 10 14 16 19 14 14 17 15 13 11 11 13 15 20 10 14 15 18 17 18 10 10 15 20 16 16 18 12 18 12 18 18 15 13 20 12 13 11 17 17 17 19 16 10 10 19 16 10 13 12 18 14 10 16 12 19 19 12 16 11 18 18 19
15 16 14 13 12 15 16 15 13 10 16 12 17 15 12 16 18 16 12 20 13 10 10 14 10 12 16 12 15 12 14 20 18 13 16 20 19 10 17 14 16 14 12 13 14 16 12 10 12 18 12 11 17 15 15 14 12 16 13 17 10 17 14 16 15 17 14 17 13 13 18 12 14 13 14 15 16 14 17 17 19 18 19 20 11 13 19 15 19 15 14 19 14 13 11 17 15 15 19 16 12 12 16 19 20 19 15 18 10 13 14 14 13 10 16 11 14 10 15 18 17 18 18 11 19 15 11 15 15 13 17 14 11 17 10 15 15 12 20 14 16 16 16 16 11 13 12 12 20 15 19 15 13 12 18 20 10 17 15 10 14 19 17 17 20 20 20 20 16 20 18 20 10 19 17 13 13 12 18 14 11 17 17 13 19 18 13 11 12 11 13 19 19 17 13 15 15 19 17 11 13 17 13 14 13 20 14 12 19 13 12 20 10 20 19 13 17 16 19 13 14 17 13 16 11 15 16 16 20 12 12 20 14 16 16 14 16 18 12 13 17 14 14 20 14 16 20 13 11 10 10 17 13 13 14 10 13 13 20 13 17 20 11 13 17 17 10 20 18 11 14 11 16 14 11 19 20 13 17 18 12 14 18 19 19 15 16 20 10 11 17 14 17 15 16 18 15 13 11 17 13 10 15 14 17 14 14 18 13 11 11 12 18 14 16 15 11 10 14 14 13 20 18 10 20 18 12 10 14 15 15 11 11 20 20 10 10 15 17 13 13 11 20 10 10 15 13 13 18 17 16 12 20 12 15 16 15 13 17 14 20 19 10 18 14 15 10 11 10 10 20 13 13 12 15 19 13 19 18 15 13 20 20 13 15 11 12 11 12 10 12 18 10 14 17 13 13 17 15 10 12 20 18 16 19 16 15 15 18 11 11 18 18 13 10 18 17 12 14 20 16 18 19 12 16 11 15 14 16 14 19 17 14 17 15 16 13 19 14 15 14 18 20 12 10 14 19 10 10 12 16 17 19 17 12 11 15 17 16 16 13 15 10 10 17 10 16 17 17 13 16 19 19 18 16 14 10 10 11 17 13 13 14 18 12 19 20 20 10 15 12 11 16 16 11 18 16 18 13 12
19 150
17 150
17 150
18 150
19 150
17 150
19 150
19 150
16 150
16 150
20 150
20 150
16 150
16 150
19 150
19 150
18 150
19 150
18 150
19 150
19 150
18 150
20 150
19 150
18 150
19 150
18 150
20 150
20 150
19 150
20 150
18 150
18 150
20 150
17 150
16 150
20 150
17 150
17 150
19 150
20 150
18 150
20 150
18 150
20 150
20 150
18 150
18 150
17 150
20 150
17 150
16 150
18 150
19 150
18 150
20 150
18 150
16 150
18 150
16 150
17 150
20 150
20 150
17 150
19 150
18 150
16 150
16 150
20 150
18 150
16 150
20 150
16 150
17 150
17 150
20 150
19 150
20 150
18 150
16 150
17 150
16 150
19 150
18 150
20 150
20 150
20 150
19 150
20 150
20 150
18 150
18 150
17 150
20 150
17 150
17 150
19 150
17 150
17 150
20 150
20 150
16 150
18 150
18 150
18 150
18 150
19 150
20 150
18 150
20 150
18 150
16 150
19 150
19 150
18 150
18 150
20 150
19 150
16 150
17 150
19 150
16 150
17 150
18 150
18 150
20 150
20 150
18 150
19 150
19 150
18 150
17 150
19 150
16 150
16 150
18 150
18 150
16 150
16 150
20 150
17 150
16 150
16 150
16 150
17 150
18 150
19 150
20 150
19 150
17 150
18 150
18 150
17 150
17 150
16 150
17 150
20 150
16 150
18 150
20 150
16 150
16 150
16 150
18 150
18 150
20 150
16 150
19 150
20 150
17 150
18 150
18 150
19 150
16 150
20 150
18 150
16 150
17 150
17 150
16 150
17 150
17 150
16 150
18 150
19 150
16 150
18 150
17 150
20 150
17 150
19 150
16 150
17 150
16 150
18 150
19 150
16 150
20 150
18 150
20 150
20 150
20 150
20 150
18 150
17 150
20 150
19 150
20 150
19 150
19 150
17 150
19 150
17 150
19 150
19 150
19 150
16 150
20 150
16 150
18 150
18 150
17 150
17 150
17 150
19 150
19 150
20 150
16 150
18 150
20 150
20 150
19 150
17 150
20 150
16 150
20 150
17 150
18 150
19 150
19 150
20 150
19 150
19 150
18 150
19 150
17 150
18 150
20 150
18 150
20 150
16 150
18 150
16 150
16 150
18 150
16 150
19 150
19 150
16 150
17 150
18 150
19 150
20 150
16 150
18 150
16 150
17 150
17 150
18 150
17 150
18 150
16 150
19 150
17 150
18 150
18 150
20 150
18 150
18 150
16 150
20 150
20 150
19 150
18 150
17 150
20 150
20 150
19 150
16 150
18 150
18 150
19 150
19 150
16 150
19 150
19 150
17 150
17 150
18 150
16 150
20 150
19 150
18 150
19 150
17 150
17 150
17 150
20 150
17 150
18 150
16 150
16 150
20 150
20 150
20 150
20 150
19 150
20 150
17 150
16 150
18 150
16 150
17 150
16 150
16 150
20 150
16 150
19 150
16 150
19 150
18 150
17 150
18 150
20 150
20 150
20 150
17 150
19 150
16 150
20 150
18 150
20 150
17 150
18 150
19 150
18 150
16 150
19 150
16 150
16 150
18 150
19 150
20 150
18 150
19 150
17 150
16 150
16 150
17 150
18 150
18 150
18 150
17 150
18 150
17 150
16 150
18 150
20 150
19 150
20 150
17 150
16 150
18 150
18 150
19 150
19 150
20 150
19 150
16 150
20 150
17 150
18 150
20 150
19 150
18 150
20 150
20 150
20 150
18 150
20 150
19 150
19 150
18 150
17 150
18 150
16 150
20 150
18 150
17 150
17 150
18 150
18 150
17 150
17 150
17 150
20 150
18 150
16 150
17 150
17 150
17 150
19 150
19 150
20 150
18 150
18 150
19 150
18 150
18 150
18 150
18 150
20 150
16 150
20 150
17 150
16 150
18 150
18 150
19 150
16 150
17 150
16 150
18 150
19 150
20 150
20 150
18 150
20 150
18 150
20 150
18 150
20 150
16 150
19 150
16 150
20 150
17 150
19 150
16 150
19 150
18 150
18 150
19 150
18 150
19 150
16 150
19 150
17 150
17 150
20 150
18 150
19 150
19 150
19 150
19 150
18 150
17 150
18 150
16 150
17 150
17 150
18 150
18 150
18 150
16 150
18 150
20 150
19 150
20 150
16 150
19 150
17 150
18 150
16 150
20 150
16 150
20 150
19 150
19 150
17 150
18 150
20 150
17 150
18 150
20 150
20 150
19 150
19 150
18 150
16 150
