2
1 2 1787
1 1 1245
500
14641 38648 3765
16721 58250 4872
1532 41394 4812
5656 27599 2832
24657 57848 3877
7783 40556 3631
9225 35005 3399
16519 36548 1676
20417 54594 3358
538 49524 5734
5878 49799 5061
57761 58235 84
13810 58107 5777
14532 50254 3097
13860 52340 4688
8987 39176 5475
32533 48718 2380
17650 36755 3415
4768 20561 2495
11387 37247 4847
8888 22989 2153
3641 35936 3650
5817 50698 5354
12169 46901 4470
2288 52614 2175
13913 46435 2152
32664 58841 3948
4782 57390 2903
22992 43930 3570
1779 30831 4923
1565 46607 836
42473 55369 1394
32143 55715 2247
26317 42751 515
30855 51453 2261
17502 41164 829
41776 57706 1992
22696 42309 2614
5764 49548 253
6632 49128 3398
22831 55943 2668
3936 55737 4173
8026 56683 4320
32657 56942 3791
23754 46433 3925
7430 52867 4690
17496 50378 2579
48458 59985 2186
47115 58105 1659
38986 51139 1589
341 40210 3898
20501 48898 3681
20505 36783 3040
6578 47708 5887
7066 54675 5680
4355 33283 5357
27696 32876 953
50063 57231 274
2238 44794 801
11480 29855 556
11337 45455 5173
31897 55703 4130
19840 51598 3992
5338 38366 3439
30054 48854 3255
36480 51120 2058
21233 47865 3990
986 34809 5210
4594 42355 5047
20574 40001 3248
10720 29682 818
6799 58229 1962
20387 50909 1849
15025 26805 693
33482 55635 4201
12982 54837 5954
27960 46054 2992
26011 55915 3980
7325 39308 4637
32067 56523 4536
12889 43028 5906
53618 58773 813
29938 47106 2062
7543 44209 4708
18582 47987 1746
13616 46248 2993
11418 53749 5559
52373 57639 15
33290 48807 2112
17849 46136 373
57 26203 3637
27760 59239 4373
8547 33343 2015
11940 38204 5159
27881 51734 621
18407 53080 770
23242 46088 4452
15543 41305 2918
44418 51326 834
15827 45135 4242
10592 51544 733
47588 58395 1655
11708 56479 1533
55191 59125 58
22712 23551 165
11257 45531 2021
28818 59791 4712
21407 45404 4178
37620 54081 1095
24747 45973 984
22855 51390 4408
21205 50439 5845
93 27803 4865
10682 35716 1019
12380 31629 2180
5045 26303 1240
3136 50240 2277
10684 52888 4356
27514 56575 4633
21154 53118 118
6494 37843 677
3272 50039 5990
4714 46422 5803
12272 54160 5977
7146 59681 4858
23660 52741 5675
19394 46324 4258
22601 24150 44
21823 44791 3661
27345 48807 4072
14621 41990 3829
8102 39385 5433
51488 54962 669
24804 41484 3230
2866 48181 2996
37238 56687 1090
17527 41317 2338
4767 46675 4899
1401 35959 1195
31510 40145 672
47033 59017 1091
25437 46956 3110
9027 50201 5392
40336 43542 639
39209 57247 271
9858 57548 4996
23048 51127 3190
20566 55429 5663
34642 52727 1654
242 35194 5509
20365 52845 2710
31382 36221 184
34712 57896 3961
35466 51969 2198
25675 52018 3215
11584 59238 5070
3977 55411 3675
15050 38993 453
28732 58435 4983
45901 52413 678
16712 34709 691
40399 56699 1922
36894 52094 1612
32372 56410 2387
12499 34949 3199
22678 54243 3798
1160 56852 3535
26119 51639 4370
13365 26214 1654
24689 58117 2612
9509 55546 2560
39260 48096 424
8098 43281 1481
31622 51876 1029
17289 52575 2606
13049 56414 2492
31526 50933 3319
10312 58827 4336
27078 57584 4133
31878 48742 2674
800 26136 1781
2831 39644 4475
20472 49972 2893
15725 44222 4792
30203 49405 2194
35953 57194 2428
4057 35858 4564
4172 44714 5519
13006 34522 4051
15470 56079 3983
12295 49763 1611
22420 43969 3311
1002 33711 3478
47450 57820 1095
39998 43391 90
43670 49412 403
33468 59657 4731
1802 45237 3944
38141 57042 3503
10733 45917 4295
24534 57644 999
13414 21684 530
17239 55411 5637
12283 46542 5176
26386 35842 891
5056 36604 4832
8636 50695 4093
32465 58631 3245
10727 52203 5764
37479 59688 4347
1126 54640 4875
27678 51823 1012
20947 54370 3457
15730 49532 5394
4590 57748 810
6296 39534 1933
23189 45020 3886
1482 44135 5833
29391 52936 3441
9821 46975 4958
9648 34193 4438
41197 59423 797
3036 46719 3898
25523 59804 5116
40369 57134 3325
1864 57244 4701
2714 24306 2288
7239 37434 5784
13316 38132 4733
51965 59798 138
16747 37574 1564
21304 58695 5412
28235 56324 5599
30219 54466 2032
25703 38260 67
29499 38674 1534
28853 53788 2097
27273 38523 1093
34741 54018 3
13268 35047 3824
16495 53377 4873
30913 59873 5065
26330 53320 4350
16788 58998 5729
18066 41477 3017
39570 54302 2198
19951 50871 5901
6428 24764 3503
36511 58395 1760
2294 42743 1488
2840 33580 1650
25363 57722 3793
14811 44995 5389
16948 28221 1153
4448 31740 3151
12417 51039 5553
27002 44132 3319
12585 29539 2213
17881 32162 1067
24397 46597 4178
10959 34718 2072
2139 54935 5587
24659 39072 2743
23257 47488 2506
3982 34610 2784
46342 59484 1799
19143 37906 3236
23655 53654 1443
29421 50258 1273
13421 56385 1926
10957 59979 27
1161 58461 1852
39002 44005 338
18708 57804 5901
4646 55428 5247
20448 48424 4672
6268 37108 4409
27900 56358 5493
16138 59031 4479
23299 50654 3363
14844 45330 4701
7917 40598 455
14106 51604 2081
18472 58666 5621
6386 32833 1742
8455 26701 3191
39096 58373 2676
17055 54584 5606
9087 56713 3901
4771 38573 4162
48251 49920 285
11293 28669 3288
31597 54287 1180
66 59444 5622
781 37945 3502
34646 44875 1248
21804 57178 2699
37961 58884 2779
1885 35642 5427
11975 27631 1998
12627 34214 1040
47153 54830 308
41401 44795 221
31683 47116 1914
19642 51195 4349
8891 20265 2006
19079 26889 744
7611 30308 1573
3576 52161 3687
36051 53526 2098
14885 54867 2073
21240 24973 380
18559 59756 4968
11714 34945 1014
45317 56440 1756
17252 56579 353
1117 29847 4493
2378 59435 1434
29260 57933 4492
9162 39904 4307
10552 52782 2216
5792 40084 5605
23583 46646 2312
6088 34968 4183
29729 55577 65
4131 44306 5882
3034 57443 5169
18152 59039 2581
14912 40936 1758
26785 49539 2548
33365 59008 4900
21174 53009 1745
18999 34436 59
16136 55233 2941
22311 57805 4967
6349 45417 2996
41093 54132 1649
31697 56037 4130
18439 26470 84
5861 34671 5227
9224 48387 2621
37267 57888 3775
22003 56200 5646
8816 58358 2214
32762 52731 2274
18453 50324 4294
210 51623 5472
35131 52024 1948
1374 34023 3820
3110 24282 3244
17541 58653 4569
46258 50779 83
29908 54930 3675
20674 59387 4618
27227 53701 4633
18491 50980 3158
13023 55488 3812
38682 55340 1353
15495 55228 5299
15519 55590 2192
5490 28625 2050
3495 52238 5708
12025 42952 4446
48951 59318 1813
16987 49369 4042
28040 39484 84
7919 59266 3204
2588 48594 5945
2853 35968 4505
15688 43820 5090
34120 55037 3079
6258 43934 4201
7914 12691 311
4788 48635 4445
19102 47106 5493
11042 41756 5928
13781 45961 934
38955 51409 741
53355 56668 398
19507 56110 4829
3380 28522 372
1322 43361 4881
9093 38137 3981
8235 21782 839
25693 37337 1885
11730 32028 52
13890 51810 5853
22478 53418 5375
25911 58040 5291
8924 42634 5516
25291 40324 2918
26321 57555 320
20206 53020 2841
6307 59981 4451
35394 52168 3214
32150 47790 1344
14534 34179 2145
51032 57456 844
8163 54397 1517
7865 40461 4365
34027 59748 4652
8874 59614 4362
38546 49473 1489
47738 53846 461
3737 20877 1973
8205 27477 1607
20342 58486 622
19075 58976 4991
12064 26500 2132
20489 35027 2231
45196 50229 577
12065 56869 2049
41762 48754 1363
36154 59637 1808
9798 57621 3927
964 35280 5696
5246 49034 5244
8811 59654 3919
37400 57066 3128
14052 44689 4016
7237 47602 5490
16140 59609 3102
3906 46685 2150
7996 10585 171
14570 54419 1072
36604 49691 1875
6876 55991 5573
12001 40203 994
15967 54192 4695
5528 48810 3301
13806 49868 4976
1746 41412 4764
38814 57113 1851
32039 56507 4667
415 38056 4926
5946 41320 5852
27323 49893 2438
1726 45831 5383
2734 12141 1080
3295 38279 5107
199 28149 4392
12586 42439 863
49752 56864 418
2549 28706 1541
47250 56040 1470
25722 55093 5171
31634 54938 4120
42733 56252 2030
8032 51289 3216
31558 50051 2867
13633 56655 1432
16952 55716 4586
17235 52782 350
11032 31116 3129
7523 31606 918
22274 55874 5809
50465 57872 1359
7243 55372 730
43900 58783 986
13849 52148 4189
22375 57723 3331
18919 52623 5561
557 50237 645
7025 38058 5017
20903 43417 2913
22181 51096 4123
23293 58828 5929
10764 47615 4255
21037 55419 2590
29418 56309 3063
34145 56560 231
9532 39344 4721
36482 58685 169
609 25217 2895
47367 50019 407
24665 35820 1187
20434 54521 3027
50246 56945 315
1746 41159 5820
1702 41898 4065
15759 53952 1960
23479 35574 464
47281 58999 1128
18611 49408 3011
29085 58595 5174
39922 40788 10
8065 32402 2736
150 33852 3968
8544 43913 3890
37833 40117 234
26359 55434 4693
28019 49965 3099
633 28873 406
28801 56337 4923
20361 42927 308
20675 32180 1859
11432 54164 4416
52162 59366 133
28189 59629 4173
26407 49074 3979
16 17 13 10 11 10 18 15 10 11 12 20 16 13 11 18 12 11 15 14 11 15 12 16 15 18 14 11 14 14 11 17 12 16 15 20 18 16 12 10 20 20 17 11 14 17 18 20 18 19 19 13 15 12 14 18 18 17 10 13 18 14 14 17 13 12 18 10 12 12 15 17 20 17 12 11 12 12 17 20 17 19 11 14 20 18 15 18 14 14 12 11 18 12 17 14 16 17 14 19 14 16 18 16 13 15 13 17 10 17 12 16 19 20 14 16 18 12 13 19 20 19 17 13 18 13 17 11 18 14 18 20 15 19 12 12 11 19 13 17 17 17 18 14 16 20 16 11 14 17 20 16 14 14 13 13 16 11 18 19 16 15 13 12 10 19 13 11 16 19 19 17 15 17 20 19 16 20 17 11 12 12 13 20 20 11 11 10 11 12 11 13 20 19 12 11 14 13 10 18 18 11 10 13 11 11 17 13 11 18 15 13 12 17 16 20 18 19 18 16 19 19 13 10 19 17 20 17 18 19 19 19 11 15 16 14 14 12 14 12 13 16 10 16 11 15 14 13 13 14 13 11 17 17 20 18 15 11 12 20 14 16 20 16 20 17 13 14 10 16 11 11 17 14 20 19 19 16 12 11 20 15 19 10 20 15 13 16 19 16 17 10 19 14 19 11 20 20 12 14 14 15 17 18 13 13 14 19 14 18 17 20 14 20 10 19 13 19 12 19 18 15 10 16 17 11 10 18 15 19 11 15 17 10 12 15 12 19 11 19 18 15 15 18 17 17 20 17 18 11 16 12 17 17 19 16 14 18 13 13 17 14 16 12 11 15 11 14 19 12 15 14 13 10 17 14 12 11 11 17 18 17 10 10 18 13 16 11 14 10 19 11 20 17 13 16 20 15 15 12 20 16 11 10 19 18 19 12 14 10 17 18 18 18 19 11 17 12 15 16 14 18 17 20 10 10 18 11 16 13 15 11 20 18 13 18 14 17 12 11 11 15 19 16 18 18 15 10 13 15 17 10 11 15 20 13 20 11 13 16 10 11 14 12 16 10 17 13 19 17 14 20 18 11 17 13 14 13 12 17 17 11 10 12 10 16 10 17 11 11 20 11 20 15 19 16 20 12 18 19
13 15 18 20 20 10 14 20 12 14 14 19 11 15 16 13 15 18 12 11 13 11 14 20 16 11 15 18 13 11 19 13 16 19 16 16 18 16 18 12 19 12 18 17 11 18 18 12 18 19 18 12 14 17 14 17 20 10 11 17 11 10 18 18 18 19 11 15 16 12 18 20 10 20 18 15 11 14 10 18 16 20 16 15 16 20 17 15 17 14 20 17 14 15 20 11 15 20 11 19 17 11 12 16 14 20 11 10 17 18 20 15 19 17 15 14 11 20 19 18 15 13 15 13 18 13 18 12 12 16 18 11 16 11 15 18 16 16 11 15 16 12 17 10 18 16 18 16 20 15 11 17 20 11 16 18 14 19 12 18 16 17 13 15 16 18 12 13 12 18 13 10 18 16 13 20 10 14 20 20 13 16 11 13 13 14 17 11 17 15 11 17 17 11 17 11 11 20 19 14 13 16 14 18 10 18 13 20 16 12 11 19 11 11 14 19 17 18 14 19 13 15 16 18 16 18 20 14 10 15 10 13 20 13 14 14 12 15 15 14 10 17 14 13 16 12 10 14 12 13 18 16 19 12 20 17 12 11 17 10 17 12 12 16 20 13 13 11 17 14 15 17 19 19 20 10 12 20 19 12 20 17 16 14 17 17 11 18 20 17 15 13 12 13 18 12 15 13 20 19 16 11 12 10 13 13 19 19 16 16 13 18 16 15 11 11 15 13 15 18 16 17 20 14 18 11 16 10 14 17 13 13 20 20 20 15 10 19 15 20 20 19 14 20 17 17 14 16 14 19 10 15 12 13 19 11 16 19 20 17 19 16 15 20 11 13 14 11 17 10 14 20 15 11 15 18 12 11 19 11 13 20 13 16 12 13 19 18 11 19 19 13 16 13 10 16 16 19 15 20 12 14 16 14 13 15 11 12 11 20 18 15 19 10 12 15 17 17 17 10 11 13 16 20 20 11 20 14 19 13 15 19 16 12 18 10 13 15 18 14 20 14 14 12 20 17 10 19 11 10 20 12 12 15 13 11 18 12 15 15 19 17 15 13 16 16 16 11 13 19 13 10 13 19 18 18 14 16 18 13 15 11 10 19 13 15 18 12 14 20 19 14 17 13 18 16 13 18 15 18
20 200
