4
1 2 1516
1 1 1977
1 1 1048
1 2 1289
500
31663 50517 3602
27028 41330 2619
33079 47511 2682
19906 32494 2416
9351 27448 3198
4130 14226 1748
39194 59723 4024
28500 52194 4270
10703 20237 1726
10877 25292 2573
6573 23196 2836
10003 30866 3885
9343 25207 2727
21020 25199 699
43088 47466 781
14926 39489 4860
19238 46632 4931
32890 49459 3094
41097 54684 2400
2580 10492 1580
23840 50791 4644
20858 28391 1295
17746 36162 3532
45603 57236 2040
8942 24287 3042
42800 59729 3306
35143 39265 801
18374 22241 666
23682 49730 5203
2524 8279 1127
34434 59930 5059
35863 54450 3288
5728 20642 2941
46474 57710 1917
5174 32701 5357
13632 28397 2474
14378 30054 2632
29885 54732 4681
29014 59393 5384
21277 40811 3701
29888 54169 4836
8576 27051 3226
22027 39314 3403
46813 56366 1609
21917 42042 3777
2657 24238 3925
10104 39188 4911
36745 47625 2023
32972 35118 414
14228 35997 3673
28173 47778 3771
31022 50401 3321
33004 51433 3421
29498 57725 5295
33564 59765 4380
16555 39060 4186
7169 36989 5520
32416 58966 4847
8317 32881 4511
5157 17675 2355
45157 45528 63
31760 56031 4580
23950 46441 4179
24103 38410 2647
35325 51978 2859
26699 45358 3373
21517 50554 4896
38057 52218 2710
25592 44331 3525
10593 16631 1163
13679 25638 2121
28038 29441 241
42511 56515 2555
29720 44568 2582
6571 27844 3791
22003 47501 5062
40884 59943 3627
19392 40966 4301
34637 47765 2359
8359 16597 1410
1790 27744 4873
31713 37189 922
6677 34384 5169
18001 25175 1409
9463 35529 4365
843 24487 3981
27276 58532 5897
3633 10708 1347
2387 11617 1662
8271 35815 4806
33086 40575 1414
1124 26307 4552
20540 37100 2884
20365 45053 4936
19591 49217 5802
19188 34639 3060
36935 46603 1726
13658 45280 5638
40919 55625 2893
32660 56588 4732
926 18774 3262
17174 46719 5152
3006 20523 3221
16759 36970 3853
16661 50764 5825
32256 42960 1835
33557 41056 1446
48847 50347 279
22119 44851 4338
1283 6839 1021
18044 38742 3500
12107 13871 302
5050 22654 3482
27249 54154 4705
7862 13899 1117
24163 33049 1596
8266 14511 1203
29850 30851 192
14498 19050 834
13786 41730 5001
41063 47160 1059
22100 43258 3564
26483 36376 1827
27289 47879 4056
9527 11574 359
22543 27777 940
28060 40142 2369
7794 36576 5089
20636 33612 2518
8201 26270 3097
10448 35241 4246
38056 55388 2954
8570 16868 1442
24059 48046 4220
50204 56972 1160
5163 13475 1624
39540 44077 815
28460 48277 3397
33838 53940 3411
4172 32543 4772
19595 50185 5574
47101 59054 2036
27630 42840 2969
14217 27516 2481
4957 32018 5325
31913 55018 4007
15879 43317 5322
35661 53772 3274
28864 54437 4759
19927 37423 2970
1484 5371 690
12491 42981 5975
12764 26207 2422
47046 52127 914
31301 31631 64
55538 56647 218
37979 59395 4260
29339 44870 3018
25874 45236 3386
42327 58648 3147
9824 17503 1441
12707 32059 3388
15105 36247 3687
1280 9575 1415
2154 4303 366
2397 10724 1402
21483 48618 4626
48258 55889 1345
28046 45260 3391
15913 42002 5115
17057 35740 3685
55608 59710 685
15267 35989 4052
30077 56780 5138
19558 40298 3928
23072 26429 574
37649 52082 2797
21986 53253 5390
5666 30225 4173
28091 57003 5008
29422 53536 4787
10741 14600 757
17840 33504 2917
17975 26118 1479
22448 24727 386
5075 30195 4970
8509 30414 4031
10554 12675 369
19528 27218 1529
27982 44835 3227
3730 27829 4162
11781 34288 4336
39199 54543 2861
4134 34585 5971
24081 40151 2890
30338 58440 4859
124 359 47
24807 55170 5371
44486 46028 267
11600 13528 367
31477 49384 3365
7526 31018 4434
28550 36210 1398
20720 25176 888
2749 26420 4731
38359 50480 2121
9682 26504 2995
15322 48221 5590
39367 59581 3801
37300 42692 1077
29660 55836 4459
5482 37638 5372
16720 27464 2017
37236 59376 4149
16728 25645 1519
17121 17670 107
20043 30857 1965
13629 37359 4686
33362 45654 2087
14604 28789 2614
32447 53589 3706
31240 45368 2618
38106 41316 626
21160 39981 3195
14754 20887 1167
37312 45773 1660
647 22326 3668
15857 48251 5701
23576 51043 4614
45678 55433 1806
2534 15208 2353
21266 51368 5863
7626 31522 4273
32069 54986 4196
20913 36996 2851
7668 14515 1288
15521 34307 3233
14036 48020 5912
9406 37413 5567
10283 34097 4379
49251 59074 1951
11337 17486 1200
47827 59401 2277
35021 59688 4902
35083 42922 1563
22316 50591 5511
53932 54084 30
18670 22524 688
49039 52577 653
11301 17386 1176
34699 50157 2772
10790 32846 3977
58469 58819 65
5209 30354 4905
8892 33366 4163
26086 27958 328
17473 32304 2580
47997 48516 102
4517 12086 1377
986 17058 2905
30763 52029 3834
34439 46615 2254
10454 12630 413
6288 28114 3777
22706 52760 5582
20980 35877 2916
34055 44315 1753
48774 55197 1191
22552 35431 2356
28796 38462 1827
23562 36314 2449
31324 43222 2221
21760 37180 2780
29865 49296 3476
2088 25836 4205
31619 59779 5627
21465 27187 1124
33944 46392 2154
3617 13498 1666
43278 56253 2301
22695 49348 5316
11930 35609 4007
47318 58830 2115
16879 34643 3173
43666 49418 1041
27452 34134 1146
907 4632 696
32147 55576 4327
38327 49770 2072
22207 41114 3724
13798 46160 5411
30722 57365 4755
8143 20750 2408
4192 7156 562
1489 20612 3445
28713 30022 245
53561 56474 515
6204 25533 3771
17508 44897 5274
21610 38262 2842
11965 17444 981
46942 47892 183
34058 51917 3434
10483 41263 5328
17842 29672 2212
24973 31279 1126
742 26903 4994
37232 59946 4047
16431 49226 5701
46455 58471 2353
22250 41315 3748
1597 31508 5409
467 16863 2984
23315 50205 4953
31508 49691 3100
31460 54824 4324
1530 17856 2898
20830 33874 2477
12919 29857 2980
27558 36621 1809
23280 43677 4007
29035 53406 4170
741 2840 406
6567 19707 2223
26590 37002 1994
36588 58301 3864
888 18199 3265
594 16612 3048
2569 28019 4282
35603 53733 3498
27288 58056 5577
2547 19522 2994
11010 36135 4198
1526 12937 1902
15714 17812 400
23451 55724 5994
35624 51073 2735
26879 56474 5760
3095 36916 5751
39959 46770 1360
23594 47196 4658
11137 19329 1423
21838 29305 1336
8034 24590 2886
16458 42912 4484
17858 34543 2932
13824 16234 462
10112 35178 4466
7964 32058 4052
2719 29117 4908
7236 9984 546
48070 55103 1306
49901 54986 865
21867 22950 192
53735 57849 769
47419 54616 1350
29554 40759 2232
39773 48677 1489
45578 48718 614
50413 55079 801
45844 58920 2209
44733 59727 2928
44801 59982 3016
13765 36210 3982
12991 32857 3491
7682 22501 2641
29892 58483 5529
21191 47470 4974
40625 41094 85
6447 10235 708
33164 35689 499
12621 22790 1761
7840 18667 2141
21576 38196 3198
9453 25594 2870
30232 51920 3622
5875 9068 562
32166 45319 2402
10338 28090 3367
22044 42811 3594
33549 59350 5144
11793 13372 281
28267 52614 4686
31166 52002 3494
556 6498 1145
12398 18691 1137
27858 50890 3931
4263 31317 4558
17650 24607 1262
29250 41239 2135
7022 30325 3891
8506 39655 5916
18133 33064 2969
30440 59419 5583
42094 56007 2720
17052 44822 4846
28927 35733 1302
8682 28542 3928
4522 36960 5815
5602 25582 3892
4747 36399 5894
21623 27077 968
31358 39673 1465
3161 24539 3785
28238 50902 3934
37208 39947 539
2534 36144 5900
24809 54910 5505
9084 12035 527
42231 47189 848
455 10818 1918
10474 12198 341
7672 39614 5486
28963 44222 2799
32794 59837 5394
7596 35801 5257
3112 9497 1255
19478 24780 980
33930 38173 776
31524 47434 2807
8115 20303 2169
6663 24498 3177
13086 39825 4803
49527 54918 1059
31277 34723 644
37990 49670 2098
20889 28327 1443
33082 48724 2665
12071 30680 3559
12729 20857 1415
17843 39550 3778
25695 46390 3557
3728 9659 1113
4942 30872 4996
293 12346 2084
12166 39286 5289
13395 25960 2390
2863 36049 5858
2795 34232 5773
21481 43107 3652
7390 32406 4901
40648 49638 1549
25257 42405 3405
20209 26572 1138
32961 41259 1633
30325 57206 5345
12216 44636 5659
24187 47624 4207
46562 49310 517
36286 47989 2273
315 26608 4727
8921 22673 2650
20364 31131 1834
43598 48097 841
32467 34031 302
9828 35043 4380
5019 31701 5102
39820 43543 720
37329 58613 4023
52472 59168 1130
25475 51681 4992
24094 31172 1223
14354 15416 182
43631 46828 609
16989 42531 4544
12212 43801 5495
7594 26833 3489
47957 58904 2026
26751 50384 4306
37206 56803 3808
6895 23310 2913
14443 49379 5938
4152 28043 4544
18324 41481 4031
20014 47479 5223
1718 30743 5562
39146 49505 1842
36988 51949 2536
3126 24183 3658
1564 30216 5606
620 22591 3727
25932 43267 3065
47797 52153 826
15230 25515 1717
22828 50760 5342
30709 43254 2502
12597 35560 4217
37424 56768 3720
5422 22355 3104
24604 57175 5487
32262 59959 5139
42217 54245 2278
23189 29496 1214
38279 51958 2610
13686 40553 4513
26480 50097 3985
31487 50079 3173
18451 42259 4749
8408 30235 3642
28268 50179 3944
16 17 17 17 19 12 12 13 16 11 14 15 19 14 10 18 10 17 11 12 15 10 16 16 19 12 14 18 19 12 20 13 16 20 11 12 10 18 13 14 10 11 12 12 10 16 10 11 18 17 10 15 13 14 13 16 16 20 14 12 20 16 20 16 15 16 15 18 15 12 11 13 19 17 20 13 16 17 15 18 13 15 14 17 16 10 13 16 10 19 11 16 14 12 10 18 14 11 20 20 12 17 10 19 10 17 19 16 13 18 12 13 19 18 12 11 17 10 14 10 14 14 19 18 11 14 19 15 13 20 10 15 17 16 19 17 18 13 17 17 15 11 20 11 15 13 14 13 13 15 19 15 20 11 14 16 13 18 10 14 15 18 13 17 16 18 15 17 12 10 10 17 11 16 17 20 11 15 10 10 10 12 17 18 16 13 13 18 17 15 20 20 10 10 11 19 15 12 20 11 17 13 11 12 16 12 14 20 14 15 18 19 20 16 19 16 16 12 16 11 12 16 20 14 17 17 10 13 18 14 19 17 18 14 12 11 12 13 12 12 10 10 13 16 15 10 10 11 14 10 16 19 12 20 16 10 17 12 19 15 17 12 13 10 19 17 12 12 18 13 15 19 20 12 13 13 10 17 15 16 16 10 16 13 12 11 15 12 12 15 14 20 20 17 17 14 19 11 14 13 15 11 19 18 16 11 13 14 15 10 12 13 16 17 19 15 11 18 16 10 17 10 12 20 16 20 16 16 16 17 12 16 17 11 14 17 16 18 17 14 15 12 13 18 11 12 18 19 11 15 14 12 14 17 16 12 11 15 10 13 12 13 11 19 16 10 16 16 12 13 13 11 19 12 20 14 15 13 13 13 18 19 14 12 11 13 11 16 11 16 15 13 20 10 12 13 11 19 12 15 19 13 15 17 11 13 18 17 17 10 20 20 11 19 19 16 13 12 18 12 14 20 19 19 12 13 20 14 12 16 14 11 13 14 17 14 14 13 14 13 20 12 17 12 12 15 10 17 19 11 10 15 13 20 19 10 19 10 14 14 18 14 15 14 18 14 11 12 10 18 19 14 19 18 16 10 12 14 13 17 18 15 13 11 15 20 19 12 19 11 19 15 20 12 14 19 20 11 15 20
10 12 18 16 14 15 20 18 12 17 16 18 10 18 12 16 13 11 13 14 12 14 17 18 11 11 12 14 15 13 17 17 16 10 20 17 20 17 17 16 12 11 17 19 17 18 17 20 17 17 16 18 10 18 17 14 11 13 10 12 16 14 15 12 13 15 20 20 13 19 12 15 12 19 15 13 10 10 19 20 19 20 10 15 17 13 19 19 14 12 19 10 10 14 10 18 12 12 19 12 12 11 20 18 17 18 18 13 15 20 12 10 20 17 17 17 10 13 18 17 19 16 13 20 12 19 18 15 15 20 17 19 18 11 10 12 18 14 19 15 11 12 12 11 10 18 10 15 20 16 10 20 12 19 19 12 16 18 20 17 19 19 20 20 13 13 11 11 17 11 12 17 11 19 19 16 16 13 13 18 15 17 19 15 14 18 13 16 13 16 16 13 15 11 11 18 10 18 14 16 16 19 19 10 10 15 11 10 11 19 10 14 11 13 16 14 18 14 10 12 17 13 14 10 16 19 16 11 15 16 18 20 18 18 10 16 14 10 10 14 12 11 11 13 11 11 17 12 13 19 14 15 19 11 14 11 17 11 11 16 19 15 20 14 18 13 11 12 13 18 13 13 14 18 16 16 14 10 15 15 14 17 13 12 16 20 14 17 16 18 15 16 16 19 15 14 19 11 10 12 17 20 19 17 16 13 18 17 19 20 10 10 14 12 13 14 12 13 14 17 19 18 19 16 11 15 12 16 13 16 15 15 14 10 14 16 11 14 18 11 18 14 10 10 17 18 10 16 14 15 14 15 11 17 20 16 13 13 11 20 13 14 20 17 12 18 17 16 18 11 14 17 20 11 20 17 10 20 10 16 17 11 14 18 16 19 14 14 11 20 19 13 20 20 13 16 15 20 12 15 16 17 18 15 17 10 17 13 12 15 16 20 14 16 19 11 18 11 13 18 17 14 18 13 12 16 10 18 19 17 18 15 11 10 18 20 11 13 11 19 13 18 10 17 15 12 12 11 20 19 18 14 17 13 20 15 19 10 10 10 19 14 17 18 20 12 13 15 10 18 20 10 13 13 19 20 17 11 12 11 11 17 20 18 19 10 11 11 17 18 20 11 16 19 18 20 17 20 18 17
11 13 17 16 12 10 15 11 10 16 12 11 17 11 15 19 13 18 17 17 16 18 10 17 19 13 10 16 19 17 16 11 14 11 18 18 15 13 18 20 12 19 11 19 14 20 19 11 16 19 17 17 17 13 20 20 14 10 17 16 10 11 15 18 14 15 20 14 17 15 16 18 19 17 16 20 19 17 13 12 16 15 13 16 18 10 13 20 17 18 16 19 13 17 16 15 15 10 19 10 15 18 12 10 13 19 17 17 18 19 18 20 12 10 17 15 13 18 13 11 12 18 20 16 15 10 20 10 12 12 19 17 19 19 18 19 15 11 18 10 17 13 14 15 12 18 20 12 11 20 15 17 16 13 12 13 16 17 15 16 10 11 12 14 19 10 18 14 15 18 15 14 20 19 11 17 19 13 13 13 18 14 17 19 14 17 13 10 11 17 18 12 13 13 15 16 12 13 18 11 17 13 19 11 12 11 18 13 15 11 17 16 15 16 12 17 13 18 20 10 13 19 12 13 11 20 19 12 13 19 18 10 17 18 16 17 15 17 10 17 13 16 17 16 19 13 12 16 12 18 17 19 11 12 19 16 13 12 20 17 13 19 10 16 17 20 10 10 17 17 15 13 17 19 18 15 16 18 11 20 10 15 20 20 15 13 12 16 17 14 19 19 13 18 17 14 20 14 15 18 18 16 19 17 16 18 17 16 20 18 11 16 14 13 14 11 17 10 13 11 20 10 15 17 13 14 10 11 15 11 10 10 15 13 13 15 19 20 19 14 19 20 18 15 16 13 20 12 14 12 18 15 15 19 18 16 16 10 14 19 18 19 10 16 15 13 10 20 10 18 17 15 16 17 13 13 20 12 17 14 10 13 12 14 17 12 17 10 20 12 14 18 10 10 20 17 16 18 19 20 15 20 11 10 13 17 11 19 15 16 18 15 17 20 17 20 12 13 17 20 13 13 11 16 15 14 11 18 11 17 12 17 10 10 19 12 20 16 13 20 16 20 13 20 14 10 17 13 15 13 11 15 12 15 19 10 10 20 11 12 14 19 17 13 11 15 16 13 19 20 18 17 12 14 14 11 16 18 17 19 17 15 11 13 18 16 17 19 17 16 13 20 12 20 10 17 15 10 11 15
17 20 12 15 19 11 14 11 12 12 10 13 15 15 18 19 16 16 15 10 14 20 15 19 12 18 16 17 13 16 19 13 12 15 11 13 14 14 15 13 10 13 11 17 20 11 19 16 16 12 11 14 14 12 17 19 20 18 20 13 18 19 19 13 20 15 11 16 17 20 11 14 18 19 19 15 11 17 20 13 19 18 15 10 17 11 12 18 20 13 17 10 19 19 13 11 14 18 15 10 20 19 15 18 16 18 19 18 14 15 10 17 16 19 20 11 12 20 13 16 15 12 10 12 10 19 17 18 16 20 18 19 16 17 19 12 11 18 10 19 14 16 19 18 17 13 18 11 18 20 20 10 18 18 14 12 17 10 11 17 13 10 15 11 19 14 13 19 13 14 11 12 13 20 19 16 19 11 19 16 16 17 19 13 12 13 20 20 17 15 16 17 17 17 19 14 11 13 10 17 13 10 14 17 10 16 13 12 11 18 19 15 15 19 17 17 10 13 14 18 11 19 15 16 14 11 18 18 12 19 17 11 13 13 11 11 19 12 20 11 20 10 16 17 17 16 13 15 11 10 14 14 15 18 10 14 10 14 16 16 11 15 17 12 14 14 15 12 14 10 12 12 14 16 20 10 10 17 20 12 14 11 10 17 15 13 11 13 13 15 16 14 15 12 17 16 10 19 14 19 17 15 20 12 18 17 17 20 14 13 12 15 13 17 12 10 19 11 18 17 12 18 12 15 20 14 20 10 14 12 12 20 18 18 15 15 15 13 14 10 12 11 19 10 19 12 19 18 20 15 17 19 16 19 12 11 19 14 13 13 10 12 17 11 17 19 18 17 14 12 15 19 13 13 10 17 17 13 13 13 17 13 13 15 15 12 16 20 20 19 20 12 12 10 10 20 11 12 19 11 15 10 13 20 20 16 12 10 13 13 12 20 11 14 12 14 18 16 16 15 16 19 17 18 15 14 20 18 16 20 16 11 18 15 17 18 14 18 14 20 17 15 19 14 19 20 17 16 13 11 11 18 15 19 18 14 19 13 18 20 15 18 20 15 18 18 15 16 14 15 16 11 16 19 16 14 15 18 15 12 13 19 10 19 15 18 17 12 18 13 15 19 16 13 17 16 17 19 16 14
20 200
