3
3 1 1707
3 1 1080
1 1 1456
500
7412 53240 4887
2717 34614 5107
13667 55577 5778
4784 36293 5471
22539 51997 1529
21338 43087 519
585 57135 5578
20977 47136 3215
18767 51112 3145
46973 59092 1878
22974 40428 793
14874 38104 1196
5646 59767 2152
18543 55243 3148
44238 56041 1547
31997 55235 3358
39498 51837 1967
19379 54347 4100
2930 23013 146
26908 59423 5398
4893 34718 1300
10202 21745 15
17733 49412 5785
29561 46135 2939
36467 57955 2604
21908 47708 4025
44225 57371 557
30015 45578 2763
12567 32188 3886
25428 45752 855
23077 48677 2833
22962 56292 4552
59238 59731 3
367 48848 3772
7123 49131 4187
7218 49977 5965
11590 38149 5022
38835 44837 229
52983 57940 430
39381 52417 817
15778 59421 3050
40041 52445 541
13252 42967 2833
7702 47306 5681
27790 49800 2977
994 37095 5373
36638 50658 1589
23846 56623 1266
4235 5842 296
18207 35502 1320
3216 53304 3798
3192 6629 452
18315 53544 994
4023 14094 339
2272 48942 5563
46983 58277 2071
10082 31637 827
24115 48151 2741
10152 31270 3683
21606 43843 3500
13519 58581 4734
656 35685 4759
43345 46864 666
22824 32126 415
550 38510 2568
6788 51165 5326
13246 28212 2271
10146 38227 4398
27006 46977 1106
22227 51939 4720
5427 46556 5722
899 51706 5604
4299 58791 4655
18692 58916 5873
29081 50933 2722
34900 47321 2341
39330 48511 795
6383 35647 5070
37650 47865 702
6035 37245 3143
6367 52414 5566
4137 14012 1580
24623 55556 5769
22884 51729 5449
9766 34328 3472
8679 15999 391
31302 40949 259
11607 51118 4356
1032 38708 1788
17041 50078 5384
12394 50907 108
9658 43114 1286
13208 26835 2138
29482 47718 2430
13882 42418 3595
14732 52024 201
23846 48733 278
5374 35214 4932
3889 38323 2763
31177 58410 3650
13833 46097 3769
2968 48515 2039
37026 55211 1269
9747 42575 1306
22300 51678 5684
19821 46271 1706
1578 53243 5339
4724 44109 4618
55121 58448 184
29893 49900 1376
25222 46898 3942
14760 54699 543
11610 46679 5931
38420 59633 3938
27612 56457 2867
31835 50333 3598
32386 54183 4198
19286 42737 3412
20224 47089 4990
5518 48618 1520
14120 47930 2322
588 49866 3940
18194 59808 3734
7900 53545 2907
11567 31617 2475
21459 49816 4800
46464 49629 104
44458 59668 517
11494 45154 4049
1762 53363 3867
30406 45564 1527
17494 34595 3026
820 39800 3326
33224 59065 3923
21298 45231 3458
21805 47466 2787
7065 36724 3679
15695 52210 1126
20085 50241 1925
21121 54265 1559
829 53909 3201
780 45542 4270
6007 29780 3794
6509 25698 1438
29089 51783 4082
22324 57119 3416
9734 59057 1028
7367 55918 4698
12112 19615 867
2787 55413 5488
17865 49286 4878
22468 35284 935
23808 57201 5811
39646 58876 1814
3704 51806 5380
39639 55788 3144
12724 29854 2029
14142 47418 5781
26936 45085 1935
14209 52674 5890
37557 52108 1104
6331 18404 1540
127 40733 4752
7442 49391 2426
23280 48665 3398
3834 55443 5193
24442 49948 898
25108 49713 4394
9171 58535 5976
20197 46347 3848
13326 53403 3655
10732 45396 4088
4668 53201 5676
31689 42547 1881
21876 39233 1077
17481 54562 1457
24665 51833 2205
10832 55462 5448
8404 55739 5761
2314 28246 5164
26223 56878 380
17368 52469 3429
20038 36565 1132
17019 58207 4577
8968 42919 5584
9259 59252 5414
12643 46354 3894
4561 54794 4003
10285 36794 2243
18657 41694 3987
33938 50915 2083
8720 25015 2806
56 24376 2012
3504 25465 3990
5451 48878 3987
40174 58226 3182
30849 56300 2333
14580 38308 1013
30982 58319 80
16555 54782 5897
12110 55197 5373
34898 54272 3054
6882 53493 5055
18863 37834 3586
9335 58965 5144
10744 55597 3512
10209 44327 254
23233 40561 1900
11228 50886 3729
15121 27887 1966
25863 49260 3427
11083 42473 5831
10251 50739 4808
7369 27138 3664
29009 59247 4730
8693 52355 5641
3789 53107 5944
15511 30431 1715
17078 42593 866
21932 53483 5901
12888 56382 3951
27906 55017 1088
2370 44703 5755
3014 45992 3844
1138 58228 4908
38818 59466 1964
32746 48833 1547
30168 59294 4858
12741 27444 2606
31436 55739 718
4766 34542 2695
2955 45965 4491
276 21805 968
6298 46157 4479
12376 48133 5810
15218 57832 2926
19137 53494 1715
7215 49230 5968
35367 53456 1167
30294 54014 2557
46256 57518 454
6518 31051 4176
14559 35548 2796
41032 52395 2045
19132 36785 2185
12930 51694 3418
10838 57418 4862
25504 58553 5718
20241 54961 3496
22714 37423 1572
4378 13301 950
13085 57903 3334
7269 59045 5270
15959 39720 2498
16411 44314 607
16708 42783 160
32266 58803 4184
36823 57140 1768
190 26370 2718
9852 52124 3591
20047 59732 73
19855 51063 4501
47350 57464 1434
16396 50886 4444
2626 21856 1187
37044 59272 1157
38043 44908 1220
19674 53578 3823
27501 53190 3079
22018 45071 3243
16581 34205 2403
17435 54416 1148
16484 35667 2494
13159 29530 1523
106 29006 5493
18086 59324 5307
1523 48301 3868
2423 26332 3122
2217 47139 5234
32099 54766 4176
42330 55583 2496
10076 33902 2589
7031 38272 2984
42985 53283 1266
19078 51459 5885
22428 52443 3559
12080 22251 1204
6168 47141 2615
1512 42330 5206
5748 48812 5862
48132 56622 1391
2084 7151 565
11625 55549 5104
8589 51731 5545
17889 52521 3893
26277 56639 2257
37964 48560 1790
21224 56532 1446
17073 40902 4346
30137 57643 4791
34652 57798 4171
23393 57883 4880
24564 37564 2039
20692 36206 2293
6374 46179 4991
20227 47907 3697
18031 56682 5040
15771 44701 5591
33110 45740 1832
41086 59990 3079
9032 48748 5107
18065 53351 46
11676 51290 5304
25709 49631 4617
73 37101 1690
35531 53947 2613
522 33671 3947
8252 27441 2966
49622 57594 27
7982 55007 5340
6914 39476 4699
16983 55788 5800
12263 35205 4181
11145 34844 3087
26820 59991 3531
23123 54650 5003
4168 49238 1342
7945 33734 1373
41351 59821 1234
47567 52556 975
30431 53027 3007
32666 57881 225
36468 38511 298
21764 49215 1579
17795 44830 1512
34280 59616 3892
17462 52354 5719
10010 42438 2173
22254 43691 4256
874 48167 4038
35189 58181 4164
3883 33210 4819
43862 54340 802
12710 33112 2078
49927 54212 584
28245 43794 1145
36331 45813 1188
10674 53935 4981
44172 55876 1640
38724 51556 455
25587 58635 3591
9927 55376 3192
13510 39931 4158
3119 23597 743
30135 49457 3499
15851 53885 3363
24220 59563 4152
1792 24493 3543
6336 51927 4429
11014 56290 3982
16544 34036 2227
18275 44750 4556
30840 55134 2929
8800 30353 3588
21232 54674 4958
12612 48649 3914
48089 57273 84
9769 39565 4205
8171 39722 2676
20913 52845 2545
24800 38938 2415
29108 55472 852
41846 54453 2512
2878 42285 5963
47303 57666 453
7742 46769 2616
28280 57353 4630
4268 32394 2392
12623 44107 2733
5576 59523 4444
20455 41065 2248
39466 56339 1057
3873 21197 2454
34389 50888 1009
26426 46899 1927
29402 34203 255
14741 51229 4660
45986 54002 682
22887 43959 787
22361 46346 1402
13626 59362 2656
20002 44523 2135
32379 35910 656
15301 55063 3759
14022 41625 5137
33890 51643 1593
19063 56188 807
11188 50356 4677
28517 58181 4889
22171 40449 765
1625 36217 5314
22412 30479 1353
22616 53985 4585
3990 13406 1199
4868 47711 5309
13876 20044 373
3073 30750 2937
45613 46865 153
10574 42431 5746
38277 54565 108
9357 46526 2829
35963 51102 1254
32119 52515 2941
10871 54889 3606
14185 45970 5267
20367 33741 931
11468 23576 2399
26686 56829 476
26198 50496 1123
19269 49899 4885
22522 31256 1628
11358 44142 4834
22786 57665 307
28949 44179 1630
5491 41814 5286
20334 54145 1277
318 50346 4405
46411 54952 1652
1442 28584 3040
11855 31990 468
43388 56738 1381
23536 56703 5738
18175 36897 3577
3003 44619 5847
10560 55438 751
12921 37978 2388
3954 38405 4022
3056 51746 5078
17019 53850 3903
26346 49409 3220
37887 54293 3230
1447 37115 934
21163 53049 5425
21691 54388 5768
6812 50201 5078
15206 42668 3661
9983 36189 3295
26478 56559 3426
7940 56759 4575
25246 41205 3012
49412 52676 62
20650 59302 3458
22577 53317 3009
3531 47532 4398
10332 35849 390
34637 59037 2927
27186 50001 3351
1800 37937 2468
12348 42384 1783
33142 55725 727
20808 45742 3898
30720 58220 5247
18382 40858 4025
7845 23535 2713
28817 54737 3186
4604 53504 1000
34613 50737 2849
20253 52086 5020
47913 55115 566
42083 56111 666
7676 29734 2524
19377 49978 3280
38841 58753 3636
49781 58573 1241
17228 58107 745
9948 53176 4800
19252 36061 2742
36930 50515 1471
26247 48226 3469
20206 43513 1723
13507 41085 174
16826 55123 5858
13954 58091 713
11991 35088 3635
3863 30388 414
32052 59707 769
24604 57677 4631
25814 45444 2917
10950 50172 1424
13507 43912 2336
2504 33905 1910
7092 26038 3095
1527 38649 4192
11136 40550 5877
29488 45566 2713
12360 37275 3537
29997 38556 937
41741 58452 428
20228 56315 4695
22690 48273 1967
15 11 13 11 11 11 19 13 17 12 19 11 10 16 15 13 13 11 12 11 13 18 13 13 17 11 11 20 18 13 18 19 18 11 15 17 15 20 20 20 12 20 15 17 11 14 20 12 16 14 10 18 13 11 13 16 12 15 14 12 14 17 20 19 15 14 17 13 13 19 11 14 20 16 12 14 18 19 11 11 13 11 12 14 16 13 17 16 16 10 13 14 16 17 10 10 18 18 15 13 11 13 16 16 14 13 15 17 20 17 19 10 15 16 17 11 10 18 19 10 17 19 16 11 18 16 11 10 14 13 16 11 16 18 14 13 12 16 10 13 18 11 13 19 16 10 15 15 19 16 18 12 19 10 10 16 19 13 10 12 13 10 17 16 19 14 19 20 13 19 12 12 13 14 18 11 13 13 19 13 11 18 10 10 13 17 12 11 17 17 12 15 19 12 20 17 20 10 14 14 12 19 19 18 10 15 13 15 18 15 11 19 17 20 19 10 13 18 15 15 20 10 17 11 20 15 14 19 17 10 18 19 18 13 17 20 15 16 14 17 15 12 13 16 14 16 11 13 16 13 17 13 13 19 15 13 16 20 12 19 15 20 15 19 10 14 19 17 11 14 19 11 11 13 11 16 10 20 15 16 17 18 19 19 12 15 15 14 17 12 17 20 13 11 15 15 13 16 11 15 14 10 15 11 12 10 17 19 11 19 19 16 11 16 12 11 18 10 10 11 10 17 18 11 14 18 20 12 15 14 13 10 13 19 18 14 12 11 10 20 20 16 19 14 15 16 12 15 10 19 10 12 13 10 16 16 13 11 12 19 19 12 15 10 11 12 12 15 20 16 18 10 15 18 14 15 10 10 15 16 10 15 19 11 12 20 10 11 12 20 18 19 10 14 17 11 17 18 20 15 19 20 16 16 13 16 17 16 14 16 17 17 10 18 14 12 19 20 18 10 13 15 20 10 14 20 14 11 12 10 18 19 13 10 18 19 18 18 16 14 11 18 17 17 16 16 13 13 10 17 20 15 18 18 13 16 13 18 11 12 13 10 19 14 12 14 11 20 14 16 15 13 18 15 18 16 16 16 15 18 16 17 18 17 10 13 18 18 16 20 12 19 12 18 11 10 13 17 17 15
20 11 13 15 16 12 13 17 15 10 10 20 13 10 19 13 20 16 14 16 11 12 12 19 14 17 11 16 19 16 18 12 19 17 18 12 13 10 13 16 10 15 13 11 14 12 11 13 10 16 17 16 20 15 17 14 15 15 13 10 17 18 14 13 15 17 20 15 14 12 17 19 18 13 18 19 15 14 11 18 12 18 17 18 11 14 14 16 13 13 11 18 16 15 12 14 17 17 12 13 15 15 10 19 11 17 14 10 12 20 13 16 12 18 18 17 17 18 15 20 20 16 10 13 11 14 14 11 17 14 14 15 19 14 19 18 12 17 12 20 12 12 11 13 15 12 18 12 18 19 17 10 19 18 16 20 13 20 14 11 19 13 13 15 11 15 18 14 12 14 11 16 15 17 10 17 13 10 18 14 13 17 15 10 11 15 19 15 10 17 12 12 13 11 20 18 13 10 10 12 14 18 10 17 19 13 17 10 10 14 12 10 16 10 14 11 11 12 18 12 16 13 14 13 14 18 12 19 13 12 19 12 19 20 15 18 20 16 13 14 17 20 14 15 19 20 18 13 19 13 11 20 10 18 12 14 18 15 12 13 14 14 13 16 12 19 20 19 16 13 11 10 15 13 12 15 15 14 11 11 13 16 11 17 11 15 16 16 12 18 14 19 14 14 14 20 19 15 14 16 10 16 19 13 18 20 12 11 19 17 19 18 18 13 18 17 19 12 18 14 12 15 16 12 10 15 17 18 14 19 17 12 17 16 14 15 14 13 13 19 12 12 11 17 14 10 14 12 16 12 12 18 17 14 14 10 13 19 11 14 11 14 17 14 19 19 20 14 19 15 12 11 16 18 15 14 12 17 17 15 11 20 13 12 20 20 19 12 16 20 13 17 20 19 18 16 11 10 18 17 19 12 17 11 16 12 14 13 18 16 17 17 20 15 19 13 20 17 18 14 14 11 11 19 14 11 12 10 20 14 20 12 14 17 19 20 18 11 10 13 18 16 17 14 20 20 16 10 14 12 13 14 16 15 14 13 10 16 20 16 17 15 19 12 20 18 15 19 16 12 16 14 20 13 13 17 12 17 12 17 11 20 10 13 18 12 19 14 17 18 17 11 17 17 17 19 17 16 11 13
19 12 15 18 15 16 19 15 17 18 11 14 11 13 12 14 18 20 15 12 16 11 13 20 13 12 19 15 11 15 16 16 20 11 19 12 10 18 12 16 19 14 19 14 20 19 10 16 15 14 11 17 10 17 18 14 13 10 20 11 13 11 11 16 18 16 13 20 15 19 19 14 10 15 15 10 14 10 19 19 11 15 11 14 16 17 18 20 10 18 20 13 18 17 18 16 12 20 20 13 15 16 17 18 20 20 14 18 17 13 10 14 18 14 15 14 15 16 11 18 19 16 11 13 12 19 20 18 17 19 10 17 13 16 12 18 10 18 20 14 14 10 20 18 14 17 20 13 17 17 19 12 18 16 12 18 12 13 12 10 10 19 18 17 15 16 18 12 18 15 18 12 12 16 10 17 20 13 18 18 18 20 11 10 18 11 17 17 15 19 19 19 10 15 17 15 11 19 19 12 13 16 12 15 19 11 20 18 13 18 18 20 17 18 19 17 10 18 17 14 18 10 11 14 14 19 16 11 15 16 17 13 11 12 14 18 17 19 11 19 17 16 12 14 14 12 19 13 20 13 16 12 12 16 18 10 20 15 18 10 11 11 10 11 17 16 16 17 17 13 16 11 17 20 20 11 18 10 19 13 12 16 10 18 17 18 16 17 17 10 12 13 16 20 12 12 18 11 12 16 16 20 15 15 19 11 13 16 15 14 18 12 18 16 16 15 10 11 15 11 12 20 12 15 19 19 15 10 12 16 11 12 15 14 14 17 18 15 14 15 11 17 11 13 19 10 19 18 13 10 11 12 15 18 14 11 11 18 17 19 10 17 10 10 12 14 13 11 17 13 12 10 17 20 12 20 12 12 20 17 19 13 18 11 10 17 17 15 17 20 19 10 14 12 13 10 10 11 20 13 11 17 11 18 13 11 19 18 20 18 10 15 18 18 12 15 15 15 14 18 19 14 18 18 18 12 19 19 19 19 19 17 15 15 15 17 17 13 20 14 17 19 14 18 11 16 13 12 14 16 14 11 10 18 13 11 13 17 18 13 17 13 12 11 19 13 19 14 17 19 20 12 10 20 12 12 11 12 10 10 19 18 16 14 10 10 15 13 18 19 12 17 20 16 13 12 16 20 12 19
15 150
