3
3 1 1272
3 1 1097
3 1 1149
500
11509 49520 5623
43004 59612 1823
12132 32194 2099
24052 46297 4000
27541 59548 4760
50651 57412 136
8792 42488 5943
29132 51261 3583
15228 37722 2714
15310 59990 5378
42578 58098 1395
25028 49306 3862
10553 41940 5978
26689 48823 423
1855 43954 4711
13144 56036 3758
43608 56077 146
9651 33081 4112
4515 32054 2195
11544 30452 1635
10654 52106 4962
283 51369 4095
28815 52324 1091
7954 55163 3942
12315 23629 88
8510 56191 2551
28517 44122 1721
2031 44650 5863
13637 38855 2963
2828 23214 1223
12276 51663 2145
24923 48544 4066
11695 48730 1671
13179 38010 1826
1813 35415 2499
26652 52183 1855
40584 58281 1956
8592 48291 810
20081 55576 5304
2467 37798 194
47961 57001 1722
2633 28826 1509
10099 50125 5617
37569 57217 3599
7972 40344 5993
44365 54175 320
36982 58792 2299
33012 57610 3466
3620 42160 2098
22509 48815 4147
2551 22425 2374
6332 18241 1475
24052 51715 272
29903 51946 936
27498 41009 2023
23546 43952 80
32084 59493 5257
30415 53933 494
14713 28383 2011
5653 22739 2259
27496 50872 2091
5544 49346 5568
37774 55797 1885
26090 53906 5340
4964 44771 4883
21078 47717 2996
14827 38471 3094
36803 46995 994
36638 47751 1947
20190 54117 3887
13743 54344 4511
49703 51949 162
22230 29569 1419
49345 57079 886
17132 39740 868
17811 56757 5726
15129 27862 2476
33565 54982 554
45577 51286 629
21400 53628 1966
32926 47773 2215
37668 53887 1021
1632 56393 603
5434 29214 773
337 45418 5042
2049 57720 5418
25159 41152 2250
14565 49307 691
43812 56092 141
6295 51352 3550
26878 27150 21
33750 52465 3652
21356 57326 5747
24243 53234 2929
4519 38589 3855
10629 59644 798
20159 50522 4590
14417 45150 832
36219 44680 537
3909 58974 5618
26659 43448 2943
30015 48768 3493
30858 38849 1277
28988 51487 2073
23167 40027 2266
20910 38082 322
19413 47309 4600
17324 43230 4799
14746 27354 613
17559 42361 4473
17260 35538 3329
20000 40286 1847
36445 51447 2305
17578 37866 3750
368 45945 1636
12579 48421 4623
6414 48495 5770
29602 59402 4241
38882 49739 522
16499 43858 4669
18574 53323 4995
11138 44290 3274
21573 49357 3324
8 49679 4903
951 11025 936
367 45595 4154
2987 28690 3741
24593 40909 2334
50747 59644 973
26853 50907 4271
420 53033 5016
48 54320 301
31377 53866 4351
31655 55742 3762
48306 59831 934
29071 56625 5176
4599 55073 1243
11389 44451 677
36948 40481 166
11749 43712 4462
13833 32997 3173
17367 23366 376
28651 58185 5776
46229 57634 1919
57992 59421 78
24130 57272 4490
15963 54782 1401
17339 52565 900
29766 51735 309
9789 39868 2038
804 56180 4894
51352 57558 269
14673 48551 2326
22367 52591 3380
6523 56383 5124
25595 56633 4377
2375 32035 4837
28889 57603 5061
34067 51457 2323
17529 55823 2452
39182 49841 731
43281 49979 1075
14322 53536 103
20714 46814 5172
41704 57581 2115
18749 58565 4656
40493 54561 2583
5219 53168 4123
5043 56053 3044
9147 58954 4937
14176 33346 3791
21534 36332 2180
32482 55720 2577
9757 55124 3470
23596 52891 4595
44893 58036 1115
6734 56167 5967
4063 53720 3648
5085 32220 3720
19316 54957 3874
38621 53960 1092
33129 44945 1023
8880 52006 3276
22495 53267 4657
2845 57486 5458
10683 50205 1525
49129 56852 610
16654 55239 3920
20012 42782 3009
24903 54220 5248
15771 49882 5378
13840 30725 2123
31230 58125 3903
24672 33352 43
28750 56145 904
18898 54106 5786
28244 53764 1408
13252 23374 916
6336 35132 4876
8459 58736 5877
8454 51278 2418
7386 44187 3129
39002 47646 39
24403 53681 4184
13415 48896 2042
5162 43442 2308
17889 49295 4568
24114 57624 3964
28160 56732 1913
33476 53646 3055
37434 58952 3228
27590 37501 1231
14907 40741 4454
7402 49199 3010
23791 49995 3957
4066 37988 5009
5509 25436 1389
2958 27702 3690
20970 59571 5994
29677 45266 3041
10370 35293 3953
10525 34250 4182
20503 55707 3873
206 27987 2341
20818 59022 5851
24734 26230 204
8319 59641 4103
37392 57774 2519
13542 45785 2013
15895 44366 2620
5676 53274 4782
23494 50742 5281
1038 20620 3219
16534 43494 770
728 19166 1667
25368 33186 1106
25846 51157 4486
1532 36481 2695
53212 59914 491
13181 59079 4344
42532 51076 405
13532 37228 248
29562 56972 173
14813 40433 1587
33909 53104 1010
31869 54014 3435
9476 25824 3181
16702 49594 5720
14115 45086 3290
13974 55018 3366
1459 55297 4112
40754 53315 247
41916 54122 2187
11336 26990 1528
17137 39128 4062
6094 35040 2044
15006 42236 2652
24180 56977 3010
27023 54038 4248
33900 50285 3189
16488 27662 1092
19553 46815 2675
7603 48141 5144
24141 40225 1034
18772 53847 4576
17482 55528 5621
48212 59283 1420
17313 51830 4447
9114 25672 1754
5488 47195 3725
19966 51357 1088
38465 40485 313
26885 59541 5366
26913 54331 5482
4593 42572 4145
6792 54275 1159
19080 58010 3876
27637 47478 3019
11812 54376 2103
25286 59980 740
10087 48912 3130
14913 47615 2179
3448 36646 2583
29446 51492 2696
13198 37312 3212
8346 28820 3944
25065 47764 2813
14390 52927 3169
2935 44446 1544
28420 59642 3919
9214 56450 5774
11568 37138 2812
5893 30307 1759
8225 51162 5908
31882 53949 3713
14191 20202 1023
34470 56293 3151
16592 30843 311
31394 45343 1143
39174 48589 1867
25522 43846 365
46875 53617 646
18658 37439 3089
22022 47874 148
19087 41152 2830
15841 31801 2101
63 52084 5369
4006 43742 3328
45137 52020 860
28597 58061 427
5092 32796 3274
25292 40940 2653
19289 42580 3468
4830 56323 2698
22767 41965 3094
10730 50945 5028
20822 52103 5860
12859 58123 5559
26087 53836 2600
15182 43150 2435
22937 31036 1209
38065 55211 3283
29774 52594 4457
6750 32595 5092
30602 43992 2131
7573 39262 1250
11829 41947 4730
19080 49848 5202
3345 42963 5738
23172 39712 3282
8994 41788 975
2869 26157 4217
16014 52128 4143
11969 35606 4712
17231 54735 5527
19991 50453 3485
7463 50279 5618
30446 57391 3853
26540 39837 1854
7331 26847 2934
17767 44677 4640
27071 59611 3562
24152 52899 5233
47776 58062 2032
24209 56741 2107
6494 48024 3085
14453 50063 4529
858 54613 2033
10725 39721 3464
7063 35984 655
13141 56551 3992
47 31943 2223
9103 50096 3020
22512 53925 5692
51820 58596 136
5786 45390 5435
20740 41541 3269
39781 49772 1495
17145 47399 1439
8389 59440 201
25652 59776 3335
3504 59114 4370
47573 55115 1242
20720 47534 4097
23161 56647 3064
29843 43739 2266
5169 18777 933
33353 47978 2770
19744 48921 4878
33309 58318 648
9228 54765 4444
8697 37550 5055
709 22588 246
8222 58415 2421
13387 50966 4831
24690 54312 570
40293 50188 682
6963 42278 3590
17431 53208 5410
15432 40305 3428
1287 56470 5775
41746 52076 1519
12253 38426 4744
7268 54393 5407
4744 21488 2076
30902 58810 5041
20299 30977 410
36413 53257 3305
42374 49421 635
36449 42705 743
32811 59574 5114
33644 54706 3190
204 33637 5994
26556 52227 4818
5830 53411 4343
3332 42958 4518
26606 37114 88
17082 49575 1024
4916 40116 4912
7580 35792 1982
770 46018 2526
14553 42177 1259
12542 43998 44
540 34212 3573
19400 53441 1147
23531 46117 1808
1837 37093 2639
32930 44989 2375
19772 59468 145
8715 18370 1323
1132 46271 3528
12748 45530 3995
8326 28382 324
1959 47616 5693
4617 31429 3776
1331 28205 4435
14610 51738 3308
7704 52676 5081
10081 37339 2444
10707 32083 4229
6052 42837 5041
19709 46484 5094
19739 57707 1567
38929 55728 2387
25971 47448 2288
23533 52779 5129
371 53988 5192
4482 46875 3570
4021 34340 2605
7208 59193 453
4784 33641 5133
25321 48950 808
6556 48338 5380
4011 43062 3409
31378 52884 121
31353 51203 2201
3416 44348 5421
25188 44876 3411
43667 55051 1145
40830 53344 1809
24931 46803 3399
24808 49863 3300
1771 29986 5278
3693 54508 5111
8782 56786 3999
44352 49093 541
4516 30391 3138
18961 52031 3693
12220 41321 5803
22330 43022 3432
12896 48589 2574
4319 27841 4618
23113 38942 2945
5210 31999 3898
3916 32991 5360
2389 45736 5714
8501 44047 4294
45978 59639 2425
20469 51819 1539
33323 55046 2568
11791 37645 2748
12147 33435 2357
9428 51631 4387
4622 28380 4012
34798 54783 3991
41469 52011 1704
22582 49327 5190
52394 58708 682
17687 53679 3113
10080 44982 2372
26265 55124 4771
45878 56134 656
36216 54944 3430
26855 56628 4472
325 30596 4593
34826 55933 3288
20203 38880 908
20438 47131 4354
1568 48930 5675
19718 57935 4179
42786 58083 2402
23300 50076 4954
27418 34980 407
16998 25143 76
22635 47005 3770
5117 41895 5391
13720 38718 3366
44704 53849 430
1101 12709 2106
2318 48675 5039
6886 57923 4111
21737 53660 3218
23520 58958 5184
5591 37775 345
39441 43571 109
51426 55791 351
17713 51798 5468
14206 23522 1784
22430 40638 3454
1570 53785 5753
19 12 20 11 15 11 12 10 18 18 10 15 12 11 18 15 20 16 14 17 20 12 19 10 11 14 16 13 18 12 17 12 13 14 15 11 14 16 17 16 20 16 15 11 19 17 10 13 10 19 18 13 19 17 20 19 16 16 20 10 13 13 13 15 19 17 15 11 14 18 12 16 11 11 14 17 10 16 17 16 11 16 12 10 13 20 12 15 19 17 11 19 18 17 12 15 12 15 18 17 17 12 16 18 13 20 20 17 19 20 19 10 12 16 15 17 19 11 20 14 19 10 20 17 17 16 11 11 10 15 11 16 12 16 20 12 18 20 19 16 20 19 13 14 15 18 18 15 14 13 11 18 18 18 16 19 20 17 11 19 20 12 10 12 20 20 10 19 13 18 14 16 19 10 19 13 17 16 19 12 15 12 14 12 13 20 10 14 13 18 11 20 20 14 19 11 12 13 15 12 11 20 19 14 12 10 17 11 16 13 15 16 20 19 18 15 16 13 13 18 18 12 17 12 15 13 13 11 10 10 15 15 18 14 12 20 16 10 18 19 20 14 11 18 19 14 11 12 12 20 19 20 12 14 15 18 15 10 14 14 13 16 16 19 13 18 14 14 14 13 12 14 20 16 11 13 13 16 11 16 13 18 11 18 16 10 13 20 20 14 20 18 19 11 12 17 14 19 11 10 18 14 15 12 15 13 12 14 10 18 19 18 14 15 15 16 18 15 15 14 15 20 10 20 17 14 13 18 20 13 19 20 16 20 20 10 12 11 16 16 12 18 19 20 18 13 11 20 20 15 13 17 15 18 11 12 18 18 17 19 16 17 19 17 16 19 20 17 12 10 15 15 17 11 17 15 11 11 18 19 12 13 20 19 20 15 10 10 15 13 19 11 15 10 17 14 13 12 14 11 20 19 13 17 12 11 17 20 11 13 19 15 13 20 13 10 17 11 10 16 15 15 19 15 19 15 14 18 13 12 12 12 18 14 12 18 18 12 10 15 15 14 10 15 14 13 18 16 11 16 20 18 16 18 10 18 13 18 14 12 12 19 15 14 17 19 17 15 16 17 19 18 13 10 16 10 15 10 15 15 10 20 16 20 13 13 20 15 13 12 11 13 10 12 17 11 19 14 17 16
15 19 13 16 16 16 20 15 20 10 12 18 10 12 16 14 17 18 16 17 20 16 12 17 18 15 11 20 14 11 13 17 15 13 18 12 18 16 16 20 13 18 19 19 11 11 16 18 14 20 20 14 12 20 17 20 20 18 17 11 19 13 12 15 20 20 15 17 16 18 20 13 10 19 15 17 11 18 17 14 13 13 12 20 17 14 20 18 15 14 10 17 11 11 16 12 13 14 20 12 17 19 10 13 20 12 17 12 18 18 17 12 14 19 14 12 15 10 15 15 19 15 17 10 11 12 16 20 19 11 19 13 10 13 11 17 10 20 10 10 19 19 12 19 15 18 11 12 12 13 11 12 16 20 18 14 14 11 17 10 12 10 14 13 15 12 15 17 10 20 10 13 20 18 20 16 12 10 18 13 15 18 12 20 20 13 20 16 19 16 18 19 12 10 12 20 12 13 18 13 17 17 12 12 17 15 14 16 11 12 14 18 14 15 10 17 10 17 18 14 10 18 19 13 18 10 13 14 15 18 20 13 18 14 11 16 16 12 20 11 20 20 14 10 20 17 19 20 11 16 20 17 18 11 16 11 11 19 15 10 17 20 20 15 15 18 17 17 16 20 12 19 20 18 13 11 13 13 12 17 19 13 19 14 11 16 18 11 17 10 14 11 13 17 15 10 14 18 18 19 16 15 16 16 20 17 14 10 19 17 14 13 13 12 18 16 20 20 13 10 12 18 14 12 18 16 14 11 14 17 13 11 16 20 15 12 20 15 18 12 13 12 15 12 19 19 16 12 16 17 11 12 15 19 17 12 20 20 16 14 20 13 15 20 11 13 13 10 15 16 16 13 14 13 10 10 18 15 20 15 17 17 16 13 11 20 18 11 12 12 10 10 13 15 18 17 16 11 17 20 16 19 20 12 19 13 11 13 19 18 18 14 17 17 16 18 15 14 17 13 14 11 13 12 17 19 11 10 16 13 13 20 20 14 15 20 19 17 15 13 20 10 19 15 16 18 14 11 13 16 15 16 17 11 15 17 19 17 19 16 10 16 12 13 15 19 17 16 20 10 11 16 11 15 18 15 19 16 17 19 15 16 12 14 11 16 17 15 19 16 15 19 20 18 10 11 20 16 14 20
16 15 10 18 13 12 12 16 14 19 17 16 10 16 11 17 18 17 15 12 17 10 11 16 15 20 10 11 14 15 10 11 20 13 12 14 16 20 20 15 14 19 16 11 19 19 11 18 10 10 11 13 17 19 16 20 12 11 19 20 13 12 16 15 12 17 16 13 12 15 13 17 12 10 10 11 14 17 12 16 14 10 15 13 12 12 17 18 15 17 12 10 13 13 19 14 16 16 12 18 15 16 19 19 18 15 16 19 19 17 17 19 12 13 20 15 12 14 12 12 20 13 11 12 10 10 17 13 13 13 16 11 10 15 15 11 14 11 10 11 13 19 14 20 18 11 19 10 16 10 18 15 18 18 17 19 18 10 12 20 19 13 17 14 10 10 10 16 17 16 19 14 17 11 10 14 17 13 18 12 18 15 10 20 19 13 20 14 10 10 14 18 10 15 20 20 13 17 13 13 16 17 15 13 10 16 19 10 11 18 16 14 11 12 10 10 14 19 20 20 20 10 17 12 17 14 20 20 15 17 18 11 19 15 20 10 19 10 13 12 16 11 16 17 14 20 15 10 14 10 19 10 15 11 10 15 19 13 17 20 17 11 16 14 13 11 15 14 20 10 16 14 18 17 17 16 16 18 19 11 11 10 14 13 20 15 12 12 19 13 13 15 14 20 18 18 17 12 17 10 17 10 12 20 14 10 12 14 15 19 15 15 15 12 15 13 20 13 18 12 11 11 18 20 10 16 16 18 11 16 13 11 14 20 18 18 13 18 19 14 11 13 18 11 20 20 10 17 14 14 16 12 12 10 18 10 17 12 18 10 13 18 16 19 16 10 12 16 18 13 18 15 14 19 18 15 12 16 19 17 15 16 13 14 20 17 17 20 11 20 14 10 13 10 15 14 14 20 14 15 20 10 11 19 18 15 18 18 14 14 18 13 16 20 16 13 18 20 19 16 16 13 10 18 12 18 17 20 10 12 20 15 11 13 13 13 17 16 10 10 15 19 14 13 19 12 13 11 19 10 19 19 15 14 19 19 14 19 13 16 14 20 19 11 11 17 15 12 11 16 12 19 15 17 13 20 10 13 10 10 10 14 16 12 18 18 11 14 12 16 10 17 20 10 14 18 10 13 10 14
20 200
