3
1 1 1000
1 1 1000
1 1 1000
500
41804 58035 2975
30863 39992 1092
3923 31266 1651
40058 52132 1821
6355 15031 1526
2231 36759 2256
35397 53072 1638
42432 55661 1499
22164 36049 1184
23817 47802 2467
3950 53627 1656
30761 43427 2018
45758 59982 1460
1143 10157 1430
25168 44352 2210
37827 57155 2302
14550 31361 1983
30375 59473 2548
25468 41963 2958
34783 49898 2697
7360 28554 1985
23462 36257 1176
25586 58037 2300
10954 29287 2273
48967 59486 1828
39026 53299 2113
26427 53065 2402
3298 28063 1881
12269 45568 2832
2253 34809 2177
28411 46127 1865
13131 47389 1809
37454 46513 1155
20671 34733 2137
27084 38745 2207
9061 58978 1472
24252 56457 2750
24031 39313 2019
26124 57179 2790
852 27463 2950
27593 49824 2612
9377 29641 1858
51191 59572 1503
25709 54905 2429
17167 28930 1594
32373 43179 1977
16446 29366 2052
39350 51796 1731
43615 56247 1412
27834 42219 2521
20423 59439 2149
12138 24833 2232
10882 51208 2439
38009 48916 1532
10119 58663 1697
39047 46582 1300
29057 52793 2449
46142 56531 1460
33554 51322 1566
46725 56857 1331
42052 56977 2821
13367 26642 1461
37968 57911 2097
41641 58336 2370
29079 47169 2017
12295 51071 1963
1352 26614 2484
31684 50385 2612
19696 39878 2314
11200 29517 2423
29429 41228 2257
13702 48807 2745
39047 44882 1077
39973 59972 2263
30563 45041 1498
38397 54248 1309
36932 57898 1410
43574 55759 1194
43490 58988 2884
42040 56843 2425
45366 52011 1179
1056 15072 2287
22375 56257 1598
22181 36424 1889
322 17022 1097
24210 42255 2793
14513 58304 2942
37475 58229 1201
385 6677 1246
24806 51892 1757
19845 37783 1962
6309 36184 2871
47587 58254 2112
8583 35692 1329
25497 48161 2778
21495 44557 1653
48579 55924 1130
622 39886 2854
47920 55772 1297
45340 58338 2466
32396 58903 1088
27630 55720 1779
22839 49108 2545
13457 35051 1798
19082 37628 2613
38324 55643 2893
15184 46889 2761
14394 48224 2100
33554 54967 2783
14066 38915 2839
35515 58369 2407
29844 56731 2371
35858 55761 2430
15181 31611 2398
33077 47364 2796
29517 48942 1717
18498 52407 2216
13645 42349 2307
8027 58133 2791
4603 39501 2506
19932 37251 2873
9644 59643 2607
22012 56613 1646
50300 59878 1728
13823 25180 2118
27620 43718 2820
42713 57647 2671
30460 46662 1190
18410 57638 2630
10253 46130 2109
7830 50176 1469
16376 47851 2761
33808 53140 1457
39479 51791 1405
27898 59281 2890
13212 55605 2518
31624 43767 1641
6004 53602 2518
22146 37820 2291
33171 55171 2652
46337 59883 2416
31889 46525 2571
28392 52704 2698
42552 54817 2229
45882 51530 1113
13973 33789 1199
20290 29612 1122
16181 47745 2192
37209 53729 2450
6338 22892 2879
42852 58915 2033
18767 58293 1583
49183 59392 1754
41038 53479 1049
45967 59331 2228
37317 57362 1075
49634 59506 1148
42450 57846 2454
24104 55962 1339
37805 52975 1647
3389 31268 1434
37241 48063 1145
41087 52492 2013
21164 38625 1234
32808 49809 2752
32944 39955 1123
1593 59391 1550
47558 58725 2065
4785 20851 1108
25090 34489 1258
20226 37143 1845
12464 50886 1465
48530 57757 1458
35804 56628 2637
10994 21655 1351
36724 47643 2077
30261 57281 1928
40222 50891 2042
40611 55692 2543
36361 42577 1075
11279 28424 2328
40921 49216 1362
20955 28691 1444
20616 27613 1336
23433 40196 2061
10185 28648 1770
42727 58017 2615
35188 55344 2043
2617 36569 1312
8011 49407 2824
49063 59652 1708
36063 57112 2846
42433 56126 1141
3198 19469 2871
16436 50178 1329
29993 47597 2226
5043 47352 2054
7218 38654 1370
45297 59608 2726
35087 59906 1477
10163 36190 2593
4781 27701 1850
14444 24105 1505
23740 41548 1414
50434 57219 1272
2786 26767 2867
741 33935 2082
29485 57602 2377
43616 57257 2402
24748 57539 2906
32129 50024 2196
33201 59742 2893
26960 47340 2107
1262 27466 1713
43752 50421 1072
43509 58417 1145
4669 19912 1730
18023 36236 1951
19694 39891 2694
7274 18753 1938
47750 58790 1910
28166 48043 2393
45372 59362 2777
2534 24752 1417
36155 44435 1183
42148 55214 1693
7300 53157 2758
43458 57748 2750
22655 36439 1607
27395 57596 1632
7341 48790 2388
6169 19959 1173
16422 52519 1987
49340 58382 1285
32062 54015 2570
40690 53401 2148
21558 48694 2601
29024 46343 2927
46796 58953 2271
13877 48448 2375
25849 42868 2543
18671 43173 1977
50524 59763 1739
23636 53889 1712
16091 55778 2200
39637 58357 1890
27874 38842 1105
31829 51641 2977
1882 15899 1053
9096 43287 1989
22992 42333 2564
21577 43563 1045
23443 34393 1647
16126 46051 2966
31681 49885 1033
7560 56083 2895
35733 54707 2480
19576 42706 1682
44024 59854 2858
20472 34112 2482
39105 59401 1263
16404 58148 1256
15320 55400 1502
22040 46293 2972
53058 58533 1052
7237 44038 2471
15480 41390 2812
3945 36356 2542
18388 27665 1290
43276 57264 2600
49418 59274 1726
11885 25949 1418
44432 58301 2738
724 12809 1988
28120 45780 2482
2584 12422 1682
46472 57180 1979
48533 58941 1758
28042 39518 1623
31839 49313 2930
3354 48814 2277
3248 21953 2517
7082 39365 2669
47488 54265 1277
43155 51187 1467
2353 10684 1333
17519 39237 2205
19407 51394 1522
26104 54642 2416
42498 54027 2260
12815 39215 1300
22590 43078 2348
28643 47965 2794
14988 47118 2552
36683 55907 1252
14913 48348 2692
8916 41750 2943
50701 59321 1317
28544 49738 2108
45272 58220 2475
12059 42053 2984
5750 25149 1929
9242 58000 2087
35142 58790 1515
6073 30010 2821
7997 24526 1698
3987 30855 1679
49222 58801 1841
15015 34439 2362
2920 37228 2680
17811 51853 2641
2781 39134 1969
45563 57895 2176
26780 45368 2216
33825 47054 2621
38733 59994 1589
44668 58211 2623
5006 58133 2717
450 9775 1343
20051 58811 2240
34629 50375 2022
34930 55953 2648
19332 44097 2290
30663 54541 2303
32314 52846 1897
46945 57952 2156
16863 58575 1587
42581 57848 2724
857 53725 1837
14135 42125 2933
565 56607 1282
32312 49493 2812
40638 59107 2202
34398 48390 1832
15935 46295 2660
41744 54956 1947
29463 57820 1497
43928 58050 1832
11233 24787 1950
5958 46006 2448
8531 53066 1507
24648 48893 2789
37617 44954 1271
44903 55559 1300
36116 49527 1442
14205 44077 2700
18171 57720 2514
37663 55083 1150
40213 53607 1831
32136 51821 2616
25809 57447 1428
19810 55360 2979
42693 56529 2694
32458 40477 1552
33703 48286 1196
799 25367 1538
46132 55178 1628
5301 45650 2929
20713 48764 2782
34541 50533 1786
15128 52612 1412
7270 36287 1290
17505 33474 1550
25349 43519 1958
35598 43855 1569
1147 18874 1834
8971 58337 2720
25511 49090 2372
47993 56227 1451
26730 58438 1628
8523 47022 1905
1160 51749 1755
14847 54570 2333
11529 20175 1439
4438 29454 1729
48171 56439 1327
33984 49494 1935
29019 55461 1894
15781 40704 2112
8666 27082 2444
35318 51610 2417
44015 59063 2678
5369 45893 1646
17281 48568 1965
7979 54673 1627
29875 45663 2683
13201 44036 1353
28800 45968 1611
11851 28027 1822
36579 53492 1033
16384 27212 2112
2316 32363 1611
25574 55405 2872
13673 25520 2185
25203 57043 1955
25355 39410 2650
37635 53412 2740
41718 55561 2347
9437 56574 1677
38453 59746 2854
39469 58553 2355
13384 54002 1928
51848 59388 1506
6914 49510 2917
10948 24701 2588
6007 36999 1650
18423 50381 2383
51304 59782 1645
4883 45041 2595
7097 34283 1837
14643 59437 2799
750 24823 2932
26582 56865 2361
6277 33244 2237
17274 43267 2437
10941 28071 1951
35792 58406 2361
43971 59030 2805
5415 45872 2999
89 18752 1739
39897 59400 2677
22883 56410 2378
42888 56452 2636
19425 51442 1679
36214 59313 2883
21956 36934 1177
41892 59688 2987
8363 25568 2736
10281 57142 2871
27129 50434 2951
34642 49618 1056
7486 30216 2846
33032 52562 1126
4512 15658 1149
4325 55551 2542
22874 49936 1163
24296 35702 1797
5975 14161 1526
35499 55188 2982
29159 44371 2897
47789 59306 2278
39037 54984 2986
3463 24400 2007
45854 59777 2663
21119 39143 2303
11721 56877 2701
21538 40000 2309
14944 50179 2326
5612 51382 2680
10438 39206 1260
44967 55621 1874
30897 57524 1240
30584 45636 1581
37543 59115 1496
27466 40399 2448
43588 58989 2389
13158 37807 2933
16643 53095 2425
16785 55277 1821
13863 58053 1450
18167 59206 1813
33966 54704 2855
7343 23718 2864
31208 58009 2934
32518 59251 2855
31690 57228 1753
27655 45194 1970
25154 59389 2984
27065 55460 1458
46964 59953 2491
14478 38579 1744
50769 58040 1038
13622 32574 2699
5223 47575 2756
24340 40565 2716
42602 53388 1763
49573 59034 1769
3875 47628 2933
1091 38486 2789
1725 59224 2036
25036 55501 2633
33296 45142 2248
40369 55879 2775
20382 45749 2234
44745 59369 2025
11034 49699 2022
32716 43264 1298
34798 49962 2977
35944 49586 1214
39748 50385 1767
32528 49611 1632
9827 59565 1468
6182 39650 1353
20747 41292 1779
18886 53661 2274
44048 56896 1068
14926 27525 2467
5920 27976 2323
48832 57007 1280
41318 54513 1309
13 16 18 20 17 11 14 20 16 13 10 16 19 15 10 15 10 15 19 17 20 16 18 13 13 16 15 19 10 17 14 15 15 18 17 11 19 18 19 18 13 18 15 10 10 20 10 19 19 10 16 14 16 12 14 20 19 10 16 17 18 16 14 17 12 13 14 16 14 19 10 19 17 20 19 11 16 19 12 17 10 20 19 12 16 15 17 15 16 13 10 13 10 18 15 14 20 15 12 12 11 10 10 16 18 19 20 11 20 14 12 18 11 13 20 11 19 20 14 20 19 18 19 18 17 15 18 15 10 16 12 19 16 11 20 14 16 13 14 19 15 19 18 17 15 10 17 15 11 19 16 19 19 18 13 12 20 20 10 20 16 15 12 15 17 15 14 16 17 13 18 18 17 11 10 19 17 14 18 16 12 15 11 11 19 13 19 10 14 17 10 16 16 10 12 19 16 19 14 14 11 14 12 12 15 10 10 16 12 12 12 10 12 17 13 10 11 15 19 13 11 13 12 11 17 15 11 12 17 16 10 15 20 13 15 12 10 18 15 11 17 12 16 11 12 12 15 18 16 15 12 18 15 19 15 13 18 18 19 17 11 17 11 17 19 14 17 19 17 10 14 15 14 15 10 19 13 15 14 14 17 19 19 14 14 14 14 13 17 18 16 15 19 19 12 20 20 11 14 13 13 10 15 18 13 13 18 13 18 14 13 15 19 11 11 11 19 19 16 17 12 11 17 17 11 18 10 12 13 14 20 11 11 19 15 10 11 16 10 12 15 10 14 10 10 17 15 14 18 20 16 14 10 12 16 10 19 17 10 11 13 20 10 11 13 12 12 18 11 19 16 12 15 11 18 11 17 17 13 10 19 16 19 10 12 20 14 16 13 14 18 12 20 14 17 11 12 16 13 12 19 17 18 16 20 10 11 16 12 19 13 15 20 10 10 14 10 16 15 19 11 17 15 20 10 13 11 14 15 19 11 15 19 12 14 11 17 11 13 15 16 12 12 16 19 15 11 12 15 12 19 14 16 13 15 19 10 20 17 18 15 17 17 11 18 19 18 13 10 20 10 20 10 12 10 13 12 14 12 12 14 19 19 20 16 13 18 17 15 10 15 20 18 19 13 19 12 15 13 20
14 12 18 12 15 18 15 20 17 10 11 11 13 19 16 14 15 11 18 11 16 15 13 14 14 12 19 11 19 13 14 15 15 12 20 11 10 16 11 10 14 18 10 18 15 17 14 14 18 18 14 10 16 17 14 15 16 10 10 17 19 13 19 18 11 11 17 15 16 17 20 20 14 11 20 13 18 20 18 18 18 16 11 14 18 15 19 11 18 16 11 10 14 12 19 19 18 15 19 17 17 20 16 11 17 19 19 16 17 10 10 11 13 16 14 11 17 11 18 18 13 11 11 12 16 18 17 10 11 18 11 12 16 13 14 16 11 14 19 10 20 10 16 10 13 14 19 13 11 15 18 13 19 14 15 11 19 13 10 15 16 10 19 14 10 16 20 17 10 12 11 12 15 19 12 15 14 17 15 19 14 16 20 12 12 16 16 10 17 15 15 20 11 14 12 15 14 19 13 16 17 16 11 16 18 12 11 20 18 17 18 18 20 17 16 14 19 15 16 10 15 11 20 19 11 14 13 18 17 19 12 17 18 19 18 14 11 10 19 18 10 17 11 10 10 10 16 15 10 15 14 10 10 10 16 20 17 10 16 20 17 11 15 15 17 13 20 11 19 18 15 20 14 19 20 18 19 10 19 13 10 18 14 13 16 11 15 10 16 16 16 11 19 14 14 14 12 18 12 14 19 10 16 16 13 10 17 12 18 14 10 18 10 20 12 18 20 17 19 15 16 17 18 15 10 10 10 18 20 14 13 15 16 10 16 18 11 17 20 18 12 17 18 15 20 16 17 15 15 18 19 13 16 14 19 11 16 16 11 19 17 16 13 20 16 17 16 10 20 16 16 16 12 18 10 11 16 13 14 20 16 11 17 13 15 15 10 13 15 11 15 15 20 19 17 16 10 19 10 19 12 15 20 13 14 13 11 18 13 18 16 11 19 15 15 14 10 11 12 10 14 14 17 13 15 11 14 18 14 13 15 14 11 19 14 13 18 14 13 10 20 15 11 18 17 11 19 15 11 19 12 10 19 16 17 13 20 13 13 16 19 20 13 14 16 10 16 15 13 20 11 13 11 17 14 15 18 15 17 14 15 16 13 18 15 18 12 11 20 13 18 13 13 12 12 14 16 17 16 20
16 17 16 16 12 19 11 18 17 17 17 17 18 13 16 11 14 19 13 11 18 16 19 20 13 19 19 20 19 16 18 10 17 12 17 11 16 18 15 14 15 16 10 17 15 20 12 11 20 20 15 19 14 16 19 16 12 13 17 11 15 10 15 16 13 16 12 14 17 15 18 11 20 18 12 15 17 11 16 15 17 17 10 20 11 16 10 11 11 14 20 11 11 17 15 16 12 12 17 12 16 18 20 10 16 11 19 16 14 14 19 14 20 15 13 10 17 16 18 15 11 17 11 12 18 17 13 16 17 15 11 15 12 18 14 20 15 10 15 11 10 11 19 12 16 20 15 19 16 14 18 16 17 10 14 12 19 14 18 10 10 18 11 11 20 12 17 14 13 17 15 19 18 16 19 18 14 15 14 12 11 18 11 17 13 15 20 10 19 16 11 13 14 16 18 20 10 19 11 11 10 20 13 15 12 12 11 19 11 20 19 18 14 10 18 15 18 10 20 13 10 13 17 16 20 15 14 18 17 13 12 15 19 17 14 13 12 15 20 13 14 13 16 16 20 13 16 20 16 16 13 19 19 18 17 12 10 10 15 13 20 17 19 11 19 10 19 17 14 20 15 13 11 16 17 19 12 19 18 16 19 12 18 13 15 17 11 17 11 19 12 12 18 11 19 11 20 14 13 15 11 12 10 19 15 16 14 11 12 20 16 10 11 20 17 19 14 11 12 11 19 20 13 19 15 10 20 19 16 14 17 16 10 13 13 14 17 13 12 14 14 16 17 20 18 13 12 14 16 12 13 16 12 14 10 15 11 17 18 20 11 14 14 15 17 14 13 16 15 12 20 18 10 12 17 19 13 13 15 12 14 11 11 11 13 13 13 13 15 15 13 12 19 20 16 19 13 13 12 19 16 16 12 16 13 15 11 15 13 14 14 11 19 19 17 15 11 13 11 11 18 17 13 18 13 20 11 12 11 19 12 14 16 19 12 12 20 19 18 14 15 19 11 12 17 14 17 16 11 19 20 19 12 15 11 15 16 20 13 17 13 18 10 18 15 16 18 18 13 14 18 10 20 20 19 15 20 20 14 18 15 20 14 15 10 20 18 11 17 18 13 19 13 11 16 13 18 20 19 15
20 200
