3
1 1 1504
1 1 1700
1 1 1802
500
13410 54370 2974
17480 48751 5589
10753 51400 4991
49446 55563 701
1500 46241 4659
1190 57783 5535
2738 24103 3763
4394 38568 4582
34852 43414 799
20548 22932 353
31404 51223 3798
41864 55277 2623
21095 59194 2802
3443 13360 1065
23319 53734 3344
2527 50822 5488
26608 37464 867
22914 55093 135
18829 52884 5561
25987 46308 3430
18036 23367 836
21333 53673 4303
24994 53033 3134
5860 28184 1739
24842 56133 2211
37291 55408 3414
23308 55479 5176
1731 32874 1836
8248 33806 3300
12711 44166 5208
10241 39780 4334
4988 47816 2787
17646 48403 4776
22794 34941 675
13855 56254 3797
13489 37689 4140
26795 52090 4499
41012 51745 580
13566 25361 80
120 41761 3149
23066 39539 2464
55981 56671 40
13 2744 385
21456 36180 943
8046 42299 3310
19460 59506 3587
58054 59786 98
41981 52764 435
15513 45075 4520
37544 52054 2209
13002 53527 1561
7744 30019 1303
29215 35428 319
43496 58693 2422
28333 55812 3934
269 30251 4833
18275 55443 1558
19599 27877 1260
51391 58478 645
7769 38212 2486
11590 52914 5383
7162 22308 3007
6360 38725 5719
32091 55653 529
3279 48709 5809
35024 59303 1161
18869 53151 3695
24408 31945 1097
356 12496 2096
16363 57880 4335
5752 13025 288
36356 48866 2175
7510 54452 5674
22349 46241 175
17453 38806 1234
22556 41999 3013
16348 55618 5955
23466 37289 2052
15466 40832 2203
4859 56436 261
6775 58758 2604
11712 36323 2798
9132 57017 3236
6814 59845 5475
2153 31545 3786
11068 25596 906
31262 52954 4239
25635 54811 3408
49620 55527 490
6930 50532 5344
35731 55836 2995
12397 41705 4289
16723 55442 4472
18949 35710 1006
27912 59082 4745
3283 20393 974
12394 53213 3269
24069 42282 1013
23546 40889 2076
7471 27301 1727
28993 51534 3497
14786 54271 5605
25907 50460 3882
4571 52625 3458
13394 46583 4433
14371 56854 5652
28115 50545 2997
27518 46100 3532
19885 59754 4876
15302 48394 2785
13762 45241 3943
21183 54641 2143
7083 52809 5246
16397 52372 4599
21850 33887 2387
5506 46069 5640
324 55785 4772
49430 58065 815
29860 55494 183
5802 31804 651
32221 57080 3178
27653 57405 5809
3566 28692 3125
46937 59851 1021
39296 59081 2823
9679 41386 4061
891 50224 3387
807 27618 4367
1358 53881 5970
16845 52570 4788
20899 41487 3421
12460 37473 1546
22890 57358 5138
3654 38064 4679
17340 20252 265
24301 55841 4861
15434 32376 3267
45858 52119 817
27620 53481 4660
17715 22023 491
16120 31944 285
19400 42622 4628
2541 48953 3667
31536 59543 2972
10068 39861 5169
40375 57250 243
5931 47968 5520
16091 26986 1487
49687 54346 425
9969 39810 4955
25735 57852 5931
21045 53539 5559
1041 33804 5581
747 14491 1117
9287 44225 2890
21444 34449 332
34985 45958 783
40183 53175 1772
15700 58461 5687
28104 54187 3395
44598 58178 2452
22954 55575 2843
10037 25526 268
21305 40037 3198
19385 46306 4532
20475 37034 2051
9417 17388 996
21091 32581 308
8019 35686 3562
51106 57584 331
8013 54352 3639
26666 56455 5460
7070 43506 1720
2459 33257 3337
10739 22662 569
28334 52742 3350
34784 53631 1344
15308 39672 3732
12656 43199 5799
6598 37086 2254
4012 32220 1569
27937 49839 3274
39213 59088 3933
24784 48788 4313
51955 58456 105
1709 29725 2154
18243 54799 5366
23551 48218 4184
10107 39203 3999
30926 53621 1990
18379 53836 5747
36947 51846 2888
36935 52039 1290
1146 42464 4333
20095 45892 4759
8770 40458 50
31473 55348 2541
6714 21723 646
11721 47990 4409
1765 46762 4858
17829 37027 3625
22403 48065 4132
6631 44641 2370
718 30184 5062
17386 39390 2378
24950 42486 3162
17915 41616 3623
25630 45519 2716
22849 51603 4033
4215 29548 4444
17579 42594 208
35119 48704 1320
19403 33619 2420
5839 32628 4040
20008 48533 5494
7338 44347 4755
24561 46295 1069
46074 59203 1622
8450 54833 878
24571 43137 3537
31581 58721 4972
3316 37863 5628
1961 58051 3043
6866 33555 1103
15547 39148 3841
24975 59215 4202
24528 53337 3343
3451 51888 3825
12911 27047 2
15635 37693 2977
46226 52221 804
19207 38809 1142
5608 32397 1646
13681 32720 3705
36169 55713 3695
29646 53795 2797
17335 56584 2344
28363 54974 3310
23405 46105 4468
10687 58286 5996
14890 50567 4351
34636 51244 3163
5013 59545 17
25732 34776 1333
592 18195 3513
19092 25545 727
6927 57260 4908
14260 34945 1209
1746 36981 2032
36994 57166 1421
38385 53965 1743
41854 46678 541
1448 32530 2014
28720 58083 3249
6549 45610 4000
19873 44400 3608
17112 49318 5149
1582 50088 3163
8346 43489 3039
10230 55331 2819
19035 36922 1586
36141 52436 1020
1154 34898 1892
5953 31919 5073
23354 33775 484
31446 57736 3164
36854 53366 616
19040 52045 5566
28548 42843 1202
231 53689 5834
16601 34091 2174
10995 26148 549
12906 54481 4597
27692 55480 3162
19459 59211 5229
19647 54859 1338
19949 58416 1269
3495 45252 3421
14170 55647 1586
10795 59487 5113
11116 21904 255
6082 38378 2028
33709 39675 250
32299 51928 709
27007 57223 1741
20117 40302 255
30514 37716 358
19568 26346 816
25244 50265 3977
13575 39479 4497
4172 59024 4148
19179 58589 2704
19193 50460 4462
34236 46403 550
27333 46131 2408
4748 50477 1731
9022 51878 5487
53162 55611 347
48176 58314 1582
9350 50539 5206
33041 47082 2152
15483 52706 2966
11371 48595 5220
1691 51248 3431
17204 43009 999
9270 35744 1573
17534 35691 2848
38804 47549 1140
24270 52472 995
18787 45259 2051
17126 53766 4700
6419 30691 3784
1190 36956 5207
4151 26341 2994
29327 58457 5768
27863 48993 3328
27235 53975 5174
3422 49532 2460
35615 40457 857
31429 55676 4700
7839 35062 4647
15039 41638 3745
13161 58280 1700
41156 49507 846
759 30259 3351
3704 52702 2969
30814 51052 3045
32971 57916 4965
24250 59113 2352
13800 56651 5528
27453 52370 3464
15980 58722 448
23396 56308 4998
43819 52135 844
12907 32651 1510
3520 13066 1162
12572 33978 3213
19656 43233 152
28140 57994 3121
28107 59072 3709
7143 49261 3528
10442 54147 5207
8371 22633 1964
18947 49106 1878
22712 50824 5088
15319 39446 893
7952 45094 5669
14460 58449 4264
16535 31966 1738
8599 44013 4279
21586 37916 2867
30210 57802 1385
2184 37485 806
5743 59647 3681
30169 51564 4026
8707 58428 3405
32266 59234 1929
2416 32371 3261
41843 59905 2959
143 50048 3588
3356 43269 3108
13070 42373 5635
38067 48977 116
37493 57193 150
11340 37044 1859
41128 53565 922
13854 49070 4315
3886 31422 2883
20024 54553 3280
6694 33869 1937
8355 58227 345
15269 55741 4150
25309 39160 2318
25807 59473 2542
15926 33507 1569
4278 59481 3990
5462 51687 1220
7454 50084 1916
12513 35787 2801
42985 58653 2026
13344 46865 3668
44009 54606 2066
10827 50706 1720
14266 54079 3619
1683 38426 3447
15689 55128 5687
10724 54545 4868
49997 58513 855
11958 45280 5877
30347 53994 2371
10231 28761 2391
26212 49288 1141
25499 54496 2449
825 37013 2641
33004 43567 1707
5777 34514 4375
18871 40384 1744
28800 56475 4171
22282 55399 5449
30251 49765 3469
12076 58273 1797
1075 12137 1168
1858 35019 3727
19746 39653 3851
6035 59405 4050
8835 30763 4335
6459 55602 5300
7351 35557 1862
21958 56615 5350
10862 38979 3572
25296 55148 5813
31902 59314 5122
8916 31001 3191
20906 56431 4895
26576 54855 3640
26066 52777 5251
2633 48539 4780
32724 56289 1103
31530 42819 790
7753 40347 1292
11547 49127 4968
9748 58848 3647
19259 46715 4191
12144 37887 3621
4262 19538 2359
7605 20733 1922
2444 53362 4360
29835 59895 5832
8636 45255 4334
27912 45969 1626
17831 50296 1037
14496 56140 3947
29461 53562 3100
52691 58507 765
3762 15270 1065
4124 36024 2546
3055 41153 3329
4686 44096 1573
39577 59685 2324
10245 51527 5495
12736 14940 263
27287 52085 4340
1557 57810 5051
6664 49984 110
239 54893 4620
20765 51444 5856
2343 36690 5226
23746 31606 1507
24439 51377 4987
23191 47765 1059
27237 51404 1764
2597 54396 2885
24714 56450 3183
14566 33533 2598
43189 58365 2660
30024 35570 633
23761 52081 5201
39376 57702 2675
12625 37805 4301
33103 58004 1757
5331 52103 5574
35734 55896 1762
28687 52231 3251
6326 34427 4351
5310 50672 4988
3042 30940 3538
7479 36511 1769
1115 52722 4672
2963 49514 4146
10666 53052 5953
6135 35465 5019
9871 30619 3419
7306 48188 3596
18309 44443 1245
7201 59612 3900
26487 26773 31
20223 51352 5233
13735 51099 1852
7328 29513 1681
27091 57985 2112
41283 54371 863
29446 57979 4397
51042 59823 1379
6694 58945 1064
55502 58625 5
8814 35015 1500
9223 57993 4082
33870 51754 1348
33762 58015 2256
31646 56596 2844
1770 30935 4451
19134 34011 2754
4847 50332 1319
19703 58652 2779
31466 58088 2060
3659 48842 2420
23511 50401 4899
38315 41536 55
37752 58790 3195
42041 56772 2017
15 16 11 15 14 18 15 18 13 20 19 10 18 15 16 12 10 20 13 20 17 13 14 20 11 18 15 12 14 12 14 14 20 20 19 10 19 11 16 11 13 18 16 17 18 10 13 17 17 13 15 17 15 15 15 15 15 13 17 10 11 13 18 19 10 15 14 19 18 20 11 18 19 19 10 16 19 17 20 11 17 19 16 18 14 12 19 18 12 10 16 19 11 16 18 13 13 14 14 14 14 13 11 15 15 17 18 17 20 20 12 15 12 17 12 16 19 11 10 15 20 13 14 10 11 18 18 19 17 11 18 14 13 16 17 18 16 10 11 16 10 16 16 15 14 13 11 14 17 19 12 16 19 14 20 12 16 18 20 15 19 18 17 18 17 10 19 19 10 14 17 16 17 12 12 19 19 16 17 14 11 15 16 10 13 19 11 15 20 14 20 18 11 17 17 14 11 16 16 14 15 15 13 20 19 18 13 18 16 17 10 16 20 18 14 13 14 20 17 11 14 14 14 10 19 10 10 20 10 20 18 13 19 20 17 10 14 19 16 16 12 12 18 18 15 18 20 17 20 11 12 14 14 18 15 13 18 14 11 11 19 13 18 15 19 16 15 13 14 17 20 19 17 13 20 14 17 11 17 12 20 13 12 13 10 11 17 11 20 15 15 20 11 17 15 18 11 20 20 14 18 11 14 20 17 20 19 12 15 17 19 15 11 15 12 18 20 10 20 12 18 11 12 10 18 17 11 18 13 11 14 16 20 18 20 19 11 13 15 13 14 10 15 16 10 11 14 15 20 16 11 18 11 16 12 11 17 16 11 15 14 17 13 17 15 14 15 18 20 19 18 19 20 13 14 15 18 16 17 19 20 11 17 20 15 13 12 14 12 11 16 18 20 14 20 14 20 17 14 17 11 10 20 19 13 11 19 18 13 13 18 13 19 18 17 13 12 16 10 13 12 14 16 17 13 18 17 11 14 16 18 12 17 12 15 11 12 10 15 18 17 18 16 18 20 10 18 13 17 15 15 14 20 16 13 16 13 19 13 19 20 12 13 18 10 14 20 17 16 12 16 13 12 20 16 17 14 19 12 17 17 13 13 14 14 11 15 12 12 14 16 12 10 20 20 17 13 15 15 16
18 18 13 17 12 11 18 14 16 16 10 20 13 12 15 10 12 17 15 15 17 19 18 12 18 14 16 18 11 11 20 14 20 16 18 17 18 19 18 20 18 18 15 19 17 18 11 15 11 14 14 19 11 11 10 20 19 18 14 20 20 18 15 18 13 16 19 17 15 14 14 14 10 13 10 18 19 18 15 13 13 17 20 18 18 20 12 19 12 20 10 15 16 14 12 11 18 18 19 10 17 17 20 17 20 13 14 11 13 18 15 14 19 17 18 20 16 11 13 15 18 13 10 15 12 13 12 11 17 11 18 16 15 19 12 15 19 16 18 19 13 16 15 18 20 17 11 12 18 19 18 19 11 10 20 16 19 10 11 13 11 12 11 17 13 20 17 15 18 17 13 14 19 10 11 16 14 15 17 13 12 18 13 20 19 18 10 19 20 16 18 15 10 14 12 19 10 11 18 11 16 10 17 18 17 12 14 13 16 18 19 11 12 12 11 11 11 20 20 11 14 16 10 17 20 10 10 16 20 14 13 17 13 20 12 15 16 19 13 10 17 11 17 15 12 18 13 10 17 11 20 16 20 15 18 16 12 10 13 10 18 11 15 13 19 14 16 13 14 12 17 16 17 15 16 15 17 12 18 17 10 20 10 12 13 15 20 15 12 12 10 13 15 12 19 12 16 11 20 13 19 10 19 10 14 15 19 11 16 14 16 12 14 13 13 19 10 10 18 15 20 15 19 12 19 14 19 11 14 19 18 17 15 14 19 14 18 10 19 12 12 20 13 19 19 15 19 12 11 12 10 11 12 19 11 15 10 10 19 11 15 12 12 10 16 19 18 11 17 11 16 19 13 12 18 18 15 17 13 17 13 15 18 20 17 10 10 15 18 18 12 17 13 18 11 18 17 14 15 18 11 10 11 11 19 11 12 14 10 18 20 20 18 20 13 18 16 17 16 17 19 10 12 13 10 16 14 15 16 16 18 13 10 17 19 14 14 10 10 12 20 19 14 14 19 17 20 14 10 15 10 18 16 17 15 17 13 19 16 20 18 14 10 11 13 10 19 15 14 18 18 19 13 15 17 15 19 11 11 17 15 20 17 18 12 12 12 20 13 16 14 11 20 11 14 19 11 16 14 16
19 15 20 20 10 12 20 15 15 12 17 17 14 16 14 14 16 20 16 12 16 13 17 17 15 16 10 13 13 16 17 15 16 15 15 14 13 18 13 18 19 11 12 16 20 14 19 14 16 13 19 11 10 11 17 14 19 13 12 17 11 18 13 14 10 14 10 13 13 20 18 17 11 16 17 18 13 19 14 11 20 16 16 12 13 11 14 12 13 18 14 13 17 12 12 12 18 11 20 18 11 20 12 13 16 14 18 11 13 15 11 17 19 19 19 12 20 10 10 10 20 14 15 17 16 13 12 11 16 13 14 17 13 18 14 16 15 19 15 16 15 16 19 18 12 19 11 17 19 18 14 16 16 17 17 18 16 16 17 10 12 15 10 13 13 10 10 16 12 11 16 10 14 15 17 16 19 15 12 14 11 14 18 11 11 13 16 16 14 12 12 19 13 13 12 17 17 16 10 16 13 16 10 10 10 17 14 12 19 15 17 20 18 13 16 20 16 11 19 20 14 17 20 13 19 13 16 13 15 20 13 11 12 19 14 10 10 13 19 12 10 16 10 11 19 19 18 14 15 16 17 19 16 17 19 20 18 11 17 18 20 12 15 11 12 15 13 18 20 19 14 12 18 16 14 13 18 12 17 16 20 12 11 13 15 15 10 20 11 16 13 18 14 13 14 12 12 16 19 10 12 18 13 19 18 14 18 19 19 14 14 17 19 13 11 11 20 20 19 15 18 10 10 10 18 18 10 14 20 17 17 10 20 13 15 11 11 16 19 18 14 15 19 15 19 19 12 17 12 17 10 18 14 13 14 14 17 19 17 11 14 11 18 17 15 11 16 16 15 17 10 15 13 13 19 15 19 20 13 19 17 15 10 20 17 16 19 18 18 17 17 14 15 13 14 18 20 10 12 20 20 14 13 13 16 16 15 20 14 11 14 12 17 14 13 16 10 18 14 14 12 19 19 14 14 18 19 14 18 17 17 15 15 11 20 19 11 11 12 18 16 20 18 10 17 20 19 15 20 11 13 11 20 11 10 16 13 10 16 19 16 18 17 13 12 14 19 18 14 13 15 11 13 10 13 20 15 15 20 12 20 15 12 17 10 16 17 20 11 14 20 10 17 19 20 19 17 15 10 14
20 200
