3
1 1 1747
1 1 1688
1 1 1340
500
7107 41641 6000
6784 47275 6000
16634 46912 6000
8829 56579 6000
16938 49101 6000
3736 43230 6000
15387 59466 6000
14767 56703 6000
27452 59983 6000
19043 59911 6000
21857 54036 6000
6735 50278 6000
2411 54942 6000
7083 41980 6000
8628 57179 6000
15244 48698 6000
10981 45901 6000
13775 52096 6000
20615 57670 6000
29909 59997 6000
25668 57014 6000
13718 49019 6000
23015 53534 6000
3739 49653 6000
13614 51469 6000
21972 58260 6000
26679 57908 6000
12827 54175 6000
16919 47569 6000
8507 49877 6000
6862 37162 6000
15201 53161 6000
9893 53922 6000
12676 56878 6000
24585 59981 6000
12607 46659 6000
11437 41692 6000
28422 59763 6000
7226 58333 6000
28735 59646 6000
21425 57217 6000
17095 50461 6000
6441 45094 6000
5923 48925 6000
23284 55175 6000
762 48320 6000
21359 58297 6000
3914 46062 6000
17867 50720 6000
29027 59571 6000
9260 39289 6000
17378 53098 6000
20474 58201 6000
19540 58730 6000
10535 55128 6000
11661 52669 6000
16676 55130 6000
18399 51293 6000
28546 59402 6000
6757 45533 6000
10126 50487 6000
6899 54332 6000
21475 53804 6000
28833 59492 6000
13134 43439 6000
7560 52532 6000
6350 47000 6000
29776 59890 6000
8882 44325 6000
6660 37852 6000
6599 53160 6000
27582 58163 6000
24752 55038 6000
6865 37415 6000
6855 39619 6000
13016 45168 6000
5324 37276 6000
13039 57905 6000
1190 55106 6000
16423 57482 6000
10635 58340 6000
13984 45680 6000
445 39410 6000
22436 55443 6000
26193 57382 6000
7874 55860 6000
18668 58236 6000
1936 55114 6000
24188 55750 6000
22620 52742 6000
22861 59017 6000
14750 55950 6000
17289 54034 6000
17360 51425 6000
17892 55791 6000
11848 57646 6000
12384 42537 6000
9993 45880 6000
22267 52745 6000
2123 50032 6000
25961 58830 6000
8447 52956 6000
2155 54505 6000
24760 55848 6000
19700 52014 6000
1440 39602 6000
4804 52175 6000
29162 59796 6000
5020 38364 6000
24877 58166 6000
10989 59677 6000
18353 52540 6000
9870 53904 6000
27687 58820 6000
7472 57674 6000
8514 52637 6000
22171 54413 6000
2900 37163 6000
16360 50755 6000
3618 43429 6000
26896 56918 6000
23016 59377 6000
11640 45586 6000
8320 38881 6000
21672 52902 6000
6752 59939 6000
27960 59646 6000
29341 59605 6000
23979 58514 6000
18545 57412 6000
236 42234 6000
23185 55252 6000
19697 56918 6000
18481 49591 6000
16913 57894 6000
23274 54999 6000
27406 58306 6000
16782 55777 6000
2081 36616 6000
16383 49079 6000
21422 59078 6000
26968 58284 6000
1888 39397 6000
15176 53119 6000
27043 57176 6000
12748 48329 6000
1097 46795 6000
26972 58165 6000
26855 59489 6000
25833 59026 6000
4023 39352 6000
6792 58820 6000
29794 59809 6000
14025 58060 6000
18320 48578 6000
20951 57858 6000
23334 53442 6000
12499 53454 6000
12116 47129 6000
1471 46661 6000
12391 56398 6000
11102 55805 6000
11771 46164 6000
25738 58419 6000
23276 53391 6000
5119 42513 6000
20966 58014 6000
22165 58770 6000
22173 59715 6000
17466 47719 6000
4725 51082 6000
19607 59060 6000
8361 59381 6000
28282 58363 6000
12180 48507 6000
7642 55285 6000
25200 58384 6000
6852 56487 6000
11655 52820 6000
27423 59907 6000
4378 58676 6000
1168 32868 6000
4125 50062 6000
13792 51113 6000
23107 56263 6000
22094 52478 6000
12862 53806 6000
1854 53848 6000
6776 41020 6000
4195 42334 6000
21212 58092 6000
5570 38346 6000
21965 56331 6000
11283 48763 6000
25810 59915 6000
23543 54876 6000
17249 47501 6000
6890 53229 6000
17427 57426 6000
24038 57004 6000
1214 36196 6000
12442 51775 6000
25502 58232 6000
13146 55374 6000
5007 59697 6000
8088 55141 6000
25969 59536 6000
28858 59834 6000
13992 45935 6000
23380 55315 6000
11786 46663 6000
11312 42970 6000
6843 41807 6000
21422 54524 6000
20245 58248 6000
13167 43789 6000
27788 59177 6000
15583 54319 6000
4519 58327 6000
26923 57393 6000
7639 44081 6000
10844 56423 6000
11233 52321 6000
23969 58318 6000
21423 54859 6000
17686 54713 6000
29922 59923 6000
24890 58364 6000
1757 53336 6000
18899 51887 6000
11259 52352 6000
26214 57744 6000
2782 32937 6000
6839 58728 6000
15797 58291 6000
2784 38158 6000
25860 57056 6000
23144 54466 6000
758 34240 6000
24691 59388 6000
26943 57865 6000
28829 58940 6000
13024 53539 6000
9275 43008 6000
5733 36276 6000
11506 59933 6000
5992 43053 6000
13130 54891 6000
7116 45033 6000
10874 51289 6000
24494 59071 6000
8513 44006 6000
13229 46644 6000
24383 57777 6000
18679 58403 6000
22998 57231 6000
22572 58801 6000
24258 54952 6000
21677 59793 6000
19146 55259 6000
23265 54387 6000
13587 55419 6000
17383 53121 6000
15004 58629 6000
17968 53301 6000
27806 58426 6000
3268 59950 6000
12195 55856 6000
19412 58874 6000
14137 45768 6000
1748 34273 6000
29041 59323 6000
15672 48912 6000
13612 57618 6000
26985 59610 6000
24314 54454 6000
15714 49170 6000
29746 59915 6000
1517 36158 6000
22162 57203 6000
24684 55631 6000
22876 54820 6000
20201 58064 6000
24205 58503 6000
21198 52497 6000
9811 52375 6000
9055 57020 6000
3577 59453 6000
29834 59896 6000
28491 59367 6000
20377 55005 6000
23112 56179 6000
6829 45923 6000
29258 59676 6000
1558 54874 6000
20675 57440 6000
4414 40836 6000
11661 42292 6000
12480 49852 6000
10194 53152 6000
21754 59684 6000
29941 59960 6000
5790 56088 6000
4902 42979 6000
6388 42679 6000
9684 39774 6000
9806 42951 6000
564 38142 6000
3728 44358 6000
5073 54968 6000
14956 45895 6000
3650 43201 6000
21660 55339 6000
9443 44586 6000
20434 51365 6000
10489 49896 6000
18675 58257 6000
5796 50147 6000
24382 57909 6000
10078 53016 6000
2272 35490 6000
16989 52906 6000
8974 49497 6000
983 44593 6000
8022 39431 6000
24311 56078 6000
24810 56609 6000
22231 54735 6000
27218 57548 6000
12102 51472 6000
20878 52203 6000
25313 59895 6000
27800 58510 6000
11430 46740 6000
20284 56185 6000
20090 54361 6000
4806 52595 6000
20849 55292 6000
12604 45757 6000
19938 56879 6000
27767 59220 6000
25405 56702 6000
29613 59980 6000
9739 52491 6000
10954 42945 6000
14944 47645 6000
16975 53363 6000
29356 59743 6000
24063 57757 6000
28292 58898 6000
13531 53992 6000
23435 57391 6000
14447 55808 6000
24231 58143 6000
5461 45141 6000
15430 47642 6000
6755 46451 6000
14924 53733 6000
14902 52860 6000
3141 44721 6000
4150 46945 6000
11188 55301 6000
9205 55267 6000
17093 56922 6000
28259 59133 6000
11461 48709 6000
11598 53138 6000
25815 57655 6000
11006 51811 6000
21443 58869 6000
20720 54983 6000
9645 50292 6000
5974 39626 6000
14970 48968 6000
27321 58586 6000
26018 57492 6000
15456 59323 6000
10027 54986 6000
16271 55235 6000
1804 48546 6000
7472 39860 6000
1929 42098 6000
16645 49908 6000
27547 59999 6000
17477 56878 6000
2441 50445 6000
9584 39924 6000
2644 43625 6000
17191 58029 6000
22320 56013 6000
11385 43371 6000
10432 46319 6000
18349 57926 6000
21345 55722 6000
15522 46029 6000
27907 58421 6000
2042 46843 6000
23187 59602 6000
18229 50381 6000
11036 43767 6000
8716 46575 6000
29315 59589 6000
25043 57485 6000
29852 59934 6000
24167 58358 6000
15272 50938 6000
2490 43638 6000
17510 59064 6000
19008 55012 6000
21343 55559 6000
19602 50213 6000
27170 58067 6000
4659 38145 6000
4506 55010 6000
642 38088 6000
1533 59948 6000
5273 38423 6000
14585 45294 6000
10411 53742 6000
13448 46259 6000
8872 57041 6000
3050 38618 6000
26456 59504 6000
4964 57684 6000
15451 52777 6000
8779 40009 6000
11676 47555 6000
4077 34852 6000
28587 59826 6000
17242 48395 6000
27925 58363 6000
15069 59841 6000
22552 59699 6000
22692 59663 6000
989 40372 6000
2817 39927 6000
4804 56811 6000
1798 57233 6000
14500 48586 6000
23646 54639 6000
28265 58885 6000
9817 42450 6000
24728 59981 6000
9581 59970 6000
22446 58311 6000
26902 59578 6000
21103 57087 6000
10909 44657 6000
3486 39604 6000
23176 54828 6000
25727 58814 6000
16276 55643 6000
7267 51529 6000
26140 59994 6000
10548 57004 6000
23678 56712 6000
21669 55442 6000
22634 54660 6000
7518 48818 6000
25950 59269 6000
9124 50472 6000
6682 39617 6000
15655 50777 6000
23911 54035 6000
27565 59588 6000
8934 43383 6000
29677 59907 6000
21200 59370 6000
8966 46330 6000
188 54080 6000
23633 56651 6000
29563 59940 6000
3373 56335 6000
6596 44711 6000
6255 52890 6000
24783 59126 6000
4825 47346 6000
19520 55472 6000
28178 59333 6000
18224 57791 6000
24395 56435 6000
306 57488 6000
2500 41394 6000
2964 49834 6000
25080 56076 6000
12250 50760 6000
12519 44376 6000
28811 59821 6000
9449 59000 6000
21270 52065 6000
11034 51025 6000
14442 50763 6000
6376 56689 6000
13630 54156 6000
19998 50645 6000
23330 55139 6000
19533 53659 6000
9599 39683 6000
29796 59931 6000
21200 52456 6000
19 17 16 11 13 13 18 18 10 17 12 17 11 19 20 12 13 13 18 15 10 13 10 20 12 16 10 20 17 16 15 18 11 18 18 16 11 15 13 16 16 13 14 19 15 15 12 11 19 12 18 10 16 17 13 15 17 15 12 16 14 12 19 14 10 14 17 14 13 10 13 13 11 14 16 10 16 11 19 14 16 10 15 20 15 16 14 13 12 14 17 20 16 12 20 16 10 10 13 20 13 11 10 19 20 19 19 20 18 20 20 14 19 13 14 10 13 14 20 10 12 20 16 20 15 17 11 12 10 18 17 17 18 13 12 19 17 17 19 18 20 13 11 19 13 10 18 13 11 18 13 19 10 13 14 10 18 20 15 12 13 20 17 10 12 18 16 14 12 15 16 20 10 16 18 20 11 14 15 20 15 10 15 12 13 11 14 14 16 20 16 20 17 12 14 14 11 17 11 17 15 11 15 13 15 14 10 19 19 16 14 19 13 16 17 15 16 12 19 17 15 18 18 10 16 11 18 10 12 13 17 14 13 12 10 15 15 13 15 11 18 11 14 12 10 19 11 11 15 11 14 13 18 20 10 14 14 18 14 12 14 15 17 10 13 18 11 18 10 11 13 11 20 17 10 18 16 17 10 19 18 15 15 14 13 12 13 19 20 19 15 10 18 12 18 15 11 11 12 19 15 14 20 11 10 16 14 20 12 19 13 20 12 12 20 18 10 11 17 17 14 17 13 15 11 19 16 11 16 14 16 17 17 17 17 17 17 18 16 11 12 17 19 13 15 12 16 12 12 20 13 17 12 18 16 19 12 11 20 20 14 20 12 14 13 11 19 11 17 14 10 13 19 18 18 13 16 18 17 19 20 19 10 15 16 10 16 16 18 10 14 16 18 11 10 18 16 14 17 15 10 20 19 19 12 18 14 14 17 12 12 18 12 14 12 12 16 18 16 11 18 10 20 14 20 15 16 12 18 10 11 14 12 19 11 17 12 16 15 13 10 18 17 19 16 11 16 12 20 18 12 14 12 16 10 16 15 18 14 16 10 15 10 15 13 16 20 20 12 10 14 11 20 20 16 17 20 13 13 14 20 10 18 17 11 11 19 20 10 10 15 11 10 19 20 14 18 10 10 19
10 19 16 20 19 19 12 13 20 10 15 13 10 15 20 14 11 19 19 10 12 13 20 20 15 17 14 17 18 20 12 14 16 20 20 15 18 12 16 19 14 11 16 17 14 13 13 18 18 17 17 20 14 19 16 18 14 20 20 10 19 18 17 15 12 18 11 12 14 16 11 19 17 20 15 15 14 13 14 18 18 15 13 10 12 16 15 19 13 10 19 13 11 15 19 17 12 13 10 12 14 15 18 14 11 18 14 15 12 18 11 13 17 16 12 15 15 10 19 16 15 20 18 15 16 16 17 18 15 12 12 10 13 16 10 18 10 12 14 15 11 15 14 13 11 18 19 17 18 16 17 13 16 19 20 14 11 15 20 12 18 15 20 19 13 16 11 20 14 18 18 14 16 16 18 12 15 18 18 12 19 16 10 14 10 19 18 17 12 11 13 20 16 10 14 19 17 12 12 20 14 16 12 15 14 10 11 17 19 18 16 18 10 16 19 15 14 19 12 17 16 12 17 20 10 16 10 14 16 16 20 13 10 10 17 18 12 13 15 20 10 20 16 14 10 13 18 12 17 11 15 19 20 18 13 14 17 15 11 15 16 17 11 12 15 14 12 14 10 13 20 10 17 12 12 10 16 19 11 19 19 15 13 10 19 18 14 15 17 16 20 16 18 13 14 15 18 13 18 18 20 15 19 17 13 13 19 10 15 10 20 12 10 19 13 15 10 13 18 12 20 11 19 11 17 11 11 11 19 14 20 16 11 18 16 13 13 14 20 14 14 20 10 17 19 16 15 15 10 13 20 20 18 17 16 18 12 19 19 13 12 19 20 12 20 20 10 19 17 13 16 12 11 16 12 16 18 12 12 17 16 10 17 15 16 11 20 13 15 20 12 14 14 13 18 17 12 15 12 10 14 20 10 19 17 13 19 17 16 16 12 14 18 19 10 20 13 14 18 13 17 20 16 18 19 15 18 11 17 20 14 14 14 10 19 16 16 14 16 19 11 14 19 20 20 20 11 18 20 16 16 14 18 15 19 15 20 13 11 12 19 20 20 20 17 13 18 17 10 20 18 19 14 10 10 18 13 17 13 12 11 14 12 11 15 18 19 16 14 17 10 13 11 12 18 15 12 17 18 10
10 19 11 12 16 16 15 13 20 17 16 17 20 12 15 18 11 20 11 17 15 16 14 16 19 13 12 15 16 18 18 20 11 16 17 15 10 18 12 19 13 17 16 10 15 13 14 10 10 12 14 15 12 19 11 15 20 15 16 18 20 20 17 18 17 18 20 19 11 12 14 13 18 13 20 16 13 19 20 11 19 13 13 13 13 15 10 16 16 12 19 15 12 20 13 16 11 12 16 16 19 19 14 11 14 12 13 20 20 10 16 18 17 10 18 17 16 20 14 14 20 15 19 14 16 20 13 10 12 20 12 16 16 15 10 11 20 20 16 18 10 18 16 17 18 13 10 15 10 16 13 17 16 11 20 20 19 10 20 13 10 15 20 19 19 14 17 16 12 10 20 20 13 12 15 16 10 16 14 20 18 17 18 12 10 16 19 20 19 18 18 17 18 18 20 17 17 14 10 12 14 13 19 14 13 10 18 16 13 13 17 12 16 10 16 19 11 10 14 16 13 10 14 15 14 14 10 12 13 18 11 20 12 14 19 14 20 18 19 18 16 17 12 12 16 13 20 16 15 19 16 11 20 18 20 14 20 18 19 10 12 12 20 10 17 10 19 17 13 15 17 20 13 17 15 17 17 18 13 20 13 11 17 20 12 11 18 14 13 20 11 19 11 20 14 18 15 10 18 13 16 18 19 16 10 20 14 12 17 12 10 10 16 10 19 13 20 19 16 17 14 20 18 16 12 12 16 15 14 12 11 16 13 19 20 11 11 19 16 18 16 12 14 10 16 18 15 14 14 14 20 20 11 18 12 11 15 15 19 13 14 19 12 17 14 15 17 19 10 16 18 12 14 14 13 10 15 20 15 14 16 18 16 19 17 15 17 14 17 13 11 12 19 16 20 20 20 10 16 20 20 18 15 12 14 16 19 20 14 13 20 16 19 17 19 20 11 16 19 17 13 14 17 10 14 15 12 16 12 18 10 12 14 18 19 18 11 11 16 17 17 15 20 20 15 11 19 13 14 17 12 16 14 16 12 11 13 11 17 14 15 12 14 17 18 16 10 11 15 15 11 17 16 13 20 19 12 12 19 11 10 13 12 13 11 18 18 14 17 14 18 16 11 18 19 15 12 11 13 20
18 185
18 184
18 185
18 192
19 192
19 198
20 200
20 194
20 181
18 188
20 196
18 181
19 198
18 182
18 189
18 200
19 190
20 182
19 190
19 184
18 197
19 183
20 180
18 186
19 186
18 196
19 200
18 195
18 182
18 196
19 180
20 180
18 200
20 195
19 196
19 195
19 198
18 181
19 196
18 190
18 187
20 192
20 198
18 199
19 199
20 192
19 187
19 183
19 194
20 192
18 192
18 189
19 196
20 199
19 193
20 197
18 197
18 188
19 186
18 197
20 196
19 196
19 192
19 181
18 192
20 190
19 181
18 182
19 180
20 199
18 200
18 197
19 193
19 186
19 198
20 195
18 183
19 181
19 191
18 197
18 193
18 189
19 182
20 191
18 197
20 193
20 200
18 198
20 185
18 180
20 184
20 180
20 181
20 193
18 180
19 186
20 189
18 189
20 187
20 180
18 186
20 198
20 200
19 197
18 200
20 194
19 182
20 188
20 200
18 191
20 182
18 181
18 192
19 195
19 197
20 181
19 191
18 187
18 188
20 181
20 195
20 182
20 193
19 187
19 192
20 199
19 199
20 198
18 194
18 187
20 196
19 184
19 200
20 183
20 196
19 189
18 197
20 197
20 189
19 190
18 190
19 185
19 182
19 194
19 188
19 186
20 180
18 188
18 190
19 185
19 192
20 183
18 188
20 194
18 200
20 185
19 192
19 184
20 181
18 181
20 197
20 199
19 182
18 192
18 191
20 185
20 185
20 189
18 187
20 196
19 182
18 198
18 191
19 191
18 192
20 198
19 184
19 182
19 187
20 184
18 194
20 200
19 186
19 194
19 187
19 181
19 184
18 196
20 181
18 191
18 195
19 194
19 181
18 195
19 192
19 187
18 196
19 196
19 180
18 196
19 196
18 182
18 196
20 182
20 184
20 184
20 183
20 199
20 197
18 195
19 196
19 183
18 186
19 200
20 195
18 190
20 183
19 194
19 185
18 188
19 194
20 188
19 181
20 193
20 181
19 198
19 197
20 184
19 180
20 188
19 199
19 185
18 183
18 180
20 194
19 183
19 200
20 199
20 196
19 183
18 196
20 199
19 188
19 185
19 200
20 197
20 189
19 187
20 184
20 186
18 185
18 193
19 195
18 195
20 198
20 200
18 194
19 192
18 186
19 199
20 180
18 187
19 199
20 188
20 193
20 194
20 180
18 197
19 181
20 187
19 199
18 194
20 187
18 193
20 193
19 199
19 189
19 184
19 191
18 197
20 181
18 194
20 196
18 198
19 190
19 180
20 196
20 190
20 190
19 195
18 196
19 199
19 198
18 188
19 192
19 180
18 191
18 191
19 197
19 194
20 199
20 194
19 189
18 191
20 200
18 187
20 180
20 199
20 189
19 199
20 191
18 196
19 195
20 198
20 189
18 194
20 196
18 199
20 189
18 200
20 195
20 190
18 190
20 196
18 181
18 191
18 183
20 183
18 200
19 181
19 191
19 181
20 197
18 185
19 180
20 181
18 182
19 190
19 198
20 183
20 187
20 181
18 181
19 185
19 198
18 189
20 198
18 196
18 194
18 184
20 186
20 189
20 197
18 183
20 190
18 184
18 181
19 182
18 183
19 196
18 187
20 186
20 189
18 192
18 186
20 186
20 195
18 198
19 193
18 197
20 193
19 185
18 192
20 182
18 196
18 188
20 191
19 184
19 197
18 185
19 187
19 200
20 191
20 189
20 200
19 182
19 182
18 199
18 194
18 186
18 186
18 198
19 181
19 196
18 186
19 197
20 190
20 196
19 195
18 189
19 190
20 182
18 187
18 185
18 199
20 200
19 197
18 186
18 199
19 182
19 181
20 185
20 182
20 181
20 198
18 188
18 182
18 193
20 194
18 191
18 190
19 181
20 194
19 194
20 190
20 182
18 183
20 186
20 186
18 194
18 181
20 194
18 194
20 191
19 183
19 181
18 194
18 199
19 200
19 191
20 193
19 185
18 187
20 180
18 188
18 187
19 193
18 187
18 182
18 191
20 196
18 188
18 190
20 197
20 195
19 186
18 191
19 199
18 183
20 190
20 193
20 200
18 191
18 183
18 181
20 186
19 186
20 187
18 185
20 184
19 191
19 185
18 194
18 188
18 187
19 188
20 198
20 192
18 195
19 193
20 188
20 190
20 198
19 193
20 190
20 186
18 181
19 184
20 200
19 190
19 199
20 182
20 186
18 184
19 198
18 199
18 183
19 189
20 197
18 194
