3
1 1 1352
1 1 1097
1 1 1292
500
22357 44739 4036
37631 59741 3909
52594 54529 366
37501 56022 3223
20962 51312 5234
356 30330 5538
19520 46749 4598
13197 43018 5240
34729 50029 2848
13253 37131 4726
23406 40391 3056
30471 58478 5285
16755 42134 4356
24094 52923 5078
9947 39371 5252
30772 57276 5125
16888 34231 3236
5695 39116 5740
6076 9411 559
24218 43510 3327
7272 24292 3366
31883 44115 2144
15763 30220 2822
11302 19292 1476
32045 51224 3421
6346 32768 4959
11559 20186 1562
47327 48476 218
6279 22148 2950
46659 58357 2244
14493 37758 4463
34419 41146 1294
273 27903 5009
30622 55396 4764
33704 46202 2461
35053 35930 150
10156 24598 2445
36936 53643 2948
94 28927 5384
7923 29775 4244
13086 27079 2434
36501 37410 176
10577 32134 4040
4432 31268 4494
31637 56354 4356
20122 50554 5878
11336 36695 5026
16408 44184 4825
21237 47252 4921
12171 44946 5833
22395 37258 2879
49095 50982 366
28865 52218 4121
38958 43965 979
23960 30296 1244
35877 46144 1739
35747 59417 4363
51538 56112 781
42857 47379 760
12903 18589 1015
5761 26725 3512
5504 7643 397
16499 32326 2788
8369 27104 3382
7464 21683 2459
44121 59682 3112
20524 49176 5005
4608 26106 3754
18957 31890 2517
4337 8339 727
21017 43106 4403
33530 40407 1226
34617 40512 1131
8139 21286 2295
6934 12996 1118
23334 53256 5617
16799 39359 4045
23422 29053 1026
37153 38016 150
15884 39925 4096
9516 29069 3690
5833 10345 885
35826 39055 559
2638 15818 2368
2072 4227 404
68 11017 2105
2244 8518 1124
14602 27615 2560
25034 37972 2553
13889 40547 4541
18223 37695 3558
25906 58003 5697
22691 44604 3842
16305 23765 1450
12838 23584 1834
3746 32715 4843
8109 33998 5174
15414 35278 3313
41832 43000 200
4418 29165 4932
15519 30957 2900
43067 51024 1567
32930 44907 2248
20862 44969 4314
33312 49930 3300
14519 36317 3930
45085 59365 2614
220 24662 4783
30918 49317 3430
5829 14928 1546
9270 13412 772
12791 33271 3565
34759 39568 947
11642 40196 5111
9585 29503 3544
47225 51836 881
38192 46564 1603
3098 35580 5822
8415 18661 2013
7449 28386 3862
18151 45887 5283
28451 33735 997
26688 35206 1460
2557 4748 394
10969 23553 2179
15297 19028 720
4642 24968 3739
14309 31922 2982
23810 25759 339
29486 37818 1455
44806 50147 1044
5475 23666 3390
43980 54714 1792
6342 28930 3870
3551 27122 4658
37711 39021 225
25932 37292 2171
43173 59697 3269
2972 24519 3679
2944 32531 5912
1392 9846 1531
14348 42048 4859
15876 48732 5636
19691 38404 3548
9254 36418 5111
12522 34402 3838
24957 32604 1345
30325 59089 5745
41064 57609 2978
30743 35543 815
24809 50968 4849
6497 15400 1672
10799 39909 5548
9485 37083 5002
52619 53771 218
18662 34404 3082
9291 32969 4677
30323 47022 2846
47257 59775 2496
6039 36115 5146
57474 57785 52
16572 18163 285
25072 39459 2429
47325 51750 800
24391 31826 1288
14704 29022 2530
38622 45884 1322
33379 59417 4798
32381 59381 5195
16923 31443 2796
2633 18397 2842
26631 49322 4085
27876 49859 3838
26421 45408 3223
8553 34693 4758
33430 43152 1732
28320 58945 5748
17624 46462 5188
34819 46530 2262
30867 40690 1679
21177 37031 2968
45484 57679 2191
39680 47018 1352
13106 45736 5617
12615 42312 5802
18640 51688 5735
45198 57287 2349
8846 34613 4501
7491 9746 382
14221 33330 3540
17939 46215 5137
31741 48942 3198
22442 55048 5849
10124 42207 5764
19856 26405 1267
21487 32682 2108
40119 54435 2583
33237 54978 4066
12548 34414 3649
36038 49050 2498
14556 45010 5733
40691 59950 3787
22178 23665 297
3998 31786 5435
27925 44768 3018
25747 41945 3200
15182 30907 2741
18313 54055 5982
14263 41549 5120
17186 40429 3881
30140 34257 742
10511 39759 5280
3585 37809 5897
349 22128 4315
18795 35881 2880
10756 11711 185
21145 56464 5927
14523 22390 1383
30028 34395 805
28193 48281 3692
10714 23123 2319
49886 54327 869
50346 57489 1226
4651 32985 5340
9001 26769 3172
4746 34790 5108
32659 59760 5265
55763 59996 784
28639 47527 3434
22515 29833 1426
12032 43706 5879
9544 38827 5444
52286 55395 543
29191 51147 4319
2089 20147 3326
44299 50269 1151
16277 35067 3216
4165 34538 5389
37183 53823 3199
5773 16169 1751
46150 53602 1269
40260 49360 1730
9207 28834 3885
26283 36773 1967
41419 54044 2161
32313 57555 5030
35390 49504 2578
1026 14334 2602
13018 36737 4677
3986 19823 2719
28589 35772 1248
48583 57486 1629
50439 58457 1389
9751 14821 867
31086 50099 3439
40426 56808 3063
32550 37107 761
33710 56686 4181
23047 48456 4678
52201 54660 430
28606 42990 2634
33339 35800 461
25023 52283 5194
12470 40681 4953
34117 48318 2409
20144 46797 4720
6640 23519 2955
14838 23371 1552
3663 12506 1615
20299 31827 2265
16622 42787 4650
22573 28567 1145
15022 39989 4486
15844 19614 719
16704 19537 555
13762 41243 4707
20498 34298 2548
28628 53665 4420
33266 50166 3126
3907 26047 3927
26189 52973 5150
35802 59717 4773
2291 19681 2961
34993 42073 1295
31142 37858 1275
28613 59215 5998
36340 40696 739
13151 28188 2808
7048 19829 2412
14962 24558 1919
31103 47926 3236
24934 46062 3699
22375 52802 5151
18726 34010 2782
25514 32366 1256
34360 59778 5060
29928 59150 5730
39 29432 5802
9455 38886 5306
25440 40310 2488
27091 54913 4921
36783 37475 136
5104 13100 1455
35678 46691 2083
26865 53387 4527
42576 44034 247
20462 52660 5902
13514 46375 5860
27250 45183 3086
8926 32883 4119
17132 31851 2484
14518 36810 4012
24124 28977 909
46659 53505 1288
25728 40934 2898
27342 50318 4339
12884 41947 4925
17904 41390 4060
54084 57465 582
4496 13056 1664
8032 29182 3767
24726 32444 1502
49664 59644 1670
26745 49021 3895
30580 46975 3186
15312 28870 2338
40496 59943 3888
16660 39867 4278
36865 54590 3430
32083 35358 623
27171 30431 638
35905 37162 243
17522 43905 4924
19213 39559 3444
20883 49944 5282
7828 35417 5052
25292 46084 3817
13053 33705 3777
24589 26497 370
423 16383 2960
13761 42602 5319
19780 48930 4861
4259 7602 599
2529 29002 4643
31066 55458 4484
3645 33134 5528
4128 24887 3969
34966 49129 2818
25821 46977 3930
47684 59989 2461
28695 46048 3218
19237 37360 3472
19070 49710 5271
14504 29960 2754
9448 13075 660
6763 23285 3135
40178 59968 3605
5861 17945 2322
34526 49041 2487
18117 37713 3277
45537 58845 2468
19425 31292 2254
8381 38406 5537
32076 59326 5255
27941 41362 2357
30720 59701 5673
33059 45770 2529
4486 20238 2760
24946 28876 720
16248 47426 5880
2009 15426 2251
19365 44610 4580
9668 15867 1133
22199 52657 5798
32798 43187 1837
33038 59584 5212
27355 49701 4098
1104 29375 4926
25954 46460 3630
23730 44675 3619
2565 33394 5357
3925 4721 134
23871 54976 5822
30855 53039 4435
39813 44839 907
36580 53153 2821
31383 44706 2503
59059 59657 101
1283 6684 1030
29649 56206 5072
3144 18497 2601
34934 57427 4134
26854 44329 3248
13150 43193 5411
13680 38521 4734
16162 29408 2630
15087 40801 4352
11478 29452 3133
15339 42808 4690
38916 54029 2677
5117 18016 2269
20966 48921 5072
20616 35165 2628
9320 24230 2518
26174 47486 4171
9151 25674 2869
17141 44665 5371
37460 38188 124
5149 32536 5468
11354 34830 4634
49673 58670 1551
16511 46642 5780
30910 35034 741
48199 55480 1224
30288 31990 303
5673 10156 760
1963 16496 2631
18465 25793 1346
3043 8351 933
32279 48643 2780
36252 57846 4015
33857 36973 592
50367 51685 256
17376 31457 2738
56922 59505 487
53783 56205 464
275 29985 5482
54041 59977 1184
19785 42403 4179
14033 22926 1753
25508 42070 2848
17 23600 4232
39407 52238 2154
12488 19978 1448
18930 41789 4019
28428 56212 5349
46801 57842 2125
13240 23335 1711
9742 37399 5312
5312 33475 5542
21683 55869 5940
16083 49678 5890
26404 44148 3091
33223 58271 4371
9330 15111 1015
22287 33035 1851
15891 19973 812
20303 41970 4138
32740 45774 2556
32457 52143 3666
40785 59661 3366
10616 31025 3531
17726 39525 3913
25760 51336 4541
35657 54763 3202
15090 47833 5553
19676 48320 4816
19115 35879 3293
24764 40382 2990
20306 45357 4902
3085 18971 3146
18914 35860 2892
2570 31853 5667
27196 59995 5499
42860 58469 2634
16891 20759 732
34267 37897 690
2167 24252 3915
14620 20172 1067
26059 53838 5142
17222 48014 5559
31960 59872 5473
37327 59968 4459
44833 48345 609
6360 30087 4368
22828 40916 3204
14704 39066 4129
6290 30061 4631
11705 24418 2542
19658 46715 5130
9743 22691 2179
35329 50419 2542
3475 14763 2171
24879 30946 1194
50450 55470 977
13448 34606 4116
6503 34384 4762
17427 44370 4723
41219 54744 2614
2048 16069 2460
39046 41776 513
34539 48460 2686
2564 6258 642
46329 59541 2496
406 22185 3816
31653 35113 656
22642 24689 389
13963 25043 1906
16751 47272 5871
17037 32850 2736
15 16 13 10 17 16 13 15 16 18 15 17 17 11 15 18 20 18 17 12 12 20 17 19 11 14 20 18 20 20 14 20 14 11 12 20 14 17 19 13 10 20 18 13 20 15 12 14 11 13 18 15 11 10 15 15 17 15 11 18 12 17 10 16 19 10 20 16 12 15 19 18 17 13 14 14 12 16 15 13 19 10 11 20 11 13 10 16 13 12 12 14 12 13 13 18 16 18 19 18 10 20 11 14 18 17 11 16 15 15 13 20 16 14 13 17 12 10 15 11 11 14 18 10 12 18 11 10 15 15 16 15 11 16 18 12 16 20 12 16 17 17 19 14 17 14 18 12 12 11 14 20 12 14 18 10 11 19 12 19 13 12 19 15 11 18 13 11 20 18 17 13 13 20 20 11 18 10 16 12 11 13 15 15 18 16 12 14 15 11 17 13 14 14 16 11 10 17 16 20 10 14 10 15 16 11 14 16 18 18 13 18 15 18 18 17 14 13 18 17 17 14 14 16 18 17 19 11 10 16 10 10 20 15 10 15 17 17 10 17 11 17 11 14 15 12 14 11 13 15 19 17 19 10 14 15 19 11 11 17 16 17 19 12 14 11 15 14 16 18 14 17 18 17 17 14 14 16 19 10 18 18 13 18 17 15 11 16 14 16 17 11 10 19 10 11 13 18 13 12 18 11 16 15 12 13 10 11 10 16 15 15 18 13 16 16 20 20 11 11 15 20 20 14 10 18 14 15 11 10 12 12 17 13 16 10 13 12 12 19 18 14 18 13 11 12 13 17 13 12 14 13 19 12 10 16 16 19 10 20 20 16 20 19 18 20 15 13 14 14 10 19 18 15 15 13 20 20 16 11 11 10 20 19 15 17 10 19 11 17 20 14 14 12 16 19 20 15 16 17 14 13 18 13 18 19 11 18 20 19 14 16 10 12 17 18 16 13 16 20 16 15 11 17 18 12 16 20 16 11 14 15 17 17 11 19 12 14 18 20 11 17 11 10 19 19 19 18 10 13 14 16 20 13 13 18 10 18 14 12 11 20 20 12 15 11 14 13 12 12 14 19 15 20 11 16 10 10 13 17 10 18 17 19 18 20 12 12 14 19 10 16 12 20 10 13 13 15 15 15
15 14 10 14 14 11 17 11 19 15 10 19 11 19 11 12 20 15 19 17 14 12 14 12 20 19 19 12 16 16 15 15 11 10 10 10 19 13 11 17 17 11 20 20 13 10 18 20 17 17 17 20 12 13 18 17 19 19 10 11 11 17 12 18 18 14 11 14 14 17 15 15 13 17 11 15 11 13 14 10 13 13 16 14 17 16 12 12 15 10 19 20 12 11 13 16 13 18 15 12 15 13 11 11 12 14 11 12 10 19 18 19 11 14 19 12 15 16 12 18 19 18 17 16 18 11 10 14 15 17 15 12 19 17 13 17 10 13 18 14 14 18 11 12 11 11 16 16 15 19 13 20 19 18 13 19 20 15 18 16 15 13 13 15 20 14 19 12 12 16 12 11 13 12 10 10 15 12 14 14 15 12 11 11 18 17 20 20 14 13 20 12 11 14 11 19 11 15 11 15 16 11 20 16 17 18 12 13 19 12 13 11 16 10 12 10 13 15 19 15 17 13 18 13 13 10 19 15 13 13 17 20 12 11 13 12 14 19 15 15 11 12 15 17 14 13 20 15 15 11 14 20 11 18 14 19 20 11 17 18 15 12 19 14 15 15 18 14 15 20 13 10 16 19 16 18 19 18 12 10 14 12 15 20 14 16 13 12 11 15 17 20 10 15 11 19 12 11 13 16 15 15 17 17 13 20 15 13 11 18 14 16 18 11 18 11 10 14 18 11 10 20 20 15 13 19 12 18 13 12 14 13 10 10 17 16 12 19 18 16 18 18 14 14 18 13 19 19 13 12 10 12 12 14 10 11 10 20 13 12 13 13 12 18 11 10 12 10 13 10 12 11 11 18 20 13 20 19 14 15 12 17 17 17 18 11 16 15 15 17 13 20 14 20 19 17 16 15 17 13 10 12 14 18 20 13 16 15 15 20 20 19 18 18 15 17 13 14 15 20 12 19 11 16 19 15 20 14 12 11 18 13 18 17 11 19 12 14 16 13 10 14 13 13 14 19 12 19 17 11 10 20 11 11 10 16 11 15 17 15 11 19 16 19 15 15 19 16 17 13 17 10 17 17 14 16 17 12 11 18 20 10 15 14 10 18 15 19 13 20 17 12 15 16 12 19 12 12 20 18
16 19 18 18 20 11 20 13 13 10 11 17 13 11 13 20 13 15 20 15 20 17 20 15 19 18 14 13 19 12 19 14 17 11 11 10 12 17 12 18 17 19 15 18 15 17 15 10 10 18 13 10 10 17 15 16 17 12 14 20 15 11 15 17 14 17 18 18 15 10 20 14 12 20 13 15 15 18 18 16 14 18 11 11 18 20 10 12 12 18 15 16 17 10 15 15 20 16 11 10 14 13 17 19 10 12 12 19 18 15 13 13 17 14 12 10 16 10 18 12 15 14 12 13 18 16 13 14 12 11 10 10 20 17 20 10 17 19 10 19 20 16 10 13 12 11 20 16 15 14 12 10 19 12 11 20 10 13 16 12 15 12 15 16 18 12 16 15 19 13 16 13 14 11 10 15 12 19 16 16 16 14 18 20 20 19 11 20 17 15 17 15 15 15 15 11 12 13 11 13 12 10 19 11 15 12 14 18 11 19 18 12 12 17 13 15 15 14 13 12 11 17 13 15 16 10 13 10 13 20 12 20 12 10 12 16 15 20 17 14 19 14 20 18 15 19 16 20 17 14 12 19 14 18 17 10 12 19 18 10 13 11 16 13 14 16 18 10 13 18 15 16 15 11 15 14 15 18 10 13 14 17 10 10 13 12 10 20 17 16 12 19 12 19 11 12 19 20 16 14 13 13 16 12 14 20 16 14 15 10 20 17 14 19 14 19 11 11 15 17 19 17 10 16 13 12 11 18 19 15 11 14 20 18 19 16 15 13 11 14 12 13 16 10 10 18 15 18 12 18 12 12 20 20 19 18 13 14 15 12 13 15 11 16 19 18 12 15 18 16 18 13 19 12 19 15 14 19 20 13 11 17 19 16 18 10 17 14 13 14 11 15 19 10 13 18 20 13 18 16 12 10 16 16 11 12 18 18 12 20 12 19 19 15 17 19 14 11 13 13 13 11 13 14 19 11 16 15 12 20 14 17 17 19 12 15 18 16 10 11 14 20 16 12 17 19 12 13 19 10 14 19 17 17 12 16 13 10 11 16 17 12 16 12 17 17 10 15 18 14 19 17 17 19 14 15 17 13 17 11 16 20 14 12 13 17 14 16 19 17 12 10 11 12 10 13 11 20 17 14
20 200
