3
2 1 1557
1 1 1013
2 1 1362
500
2953 37489 2703
3138 25427 4139
33122 59527 965
16559 40829 4199
14303 53722 2530
27311 49162 2779
17595 37571 3496
758 15569 468
15857 43084 4143
10518 33857 4545
19215 54619 1887
28845 54933 3805
10531 27703 2798
35562 54637 683
14140 47604 4031
5590 51986 3629
871 37227 5883
29717 52551 3621
35087 46637 1623
16129 54615 3575
11817 52187 5667
16930 41687 4946
19175 44461 4577
24273 53050 263
2114 58424 5262
10237 49640 5722
23498 29879 1153
11510 30842 218
164 52581 4957
11376 50677 5735
44912 46213 32
12155 46524 5296
23337 47154 3239
33092 59746 4690
16994 45616 2949
49 50264 2389
5115 38253 161
15515 51288 1788
39553 59884 1654
26319 46893 3491
1603 56615 5241
554 25636 4972
2661 39472 5504
26646 59237 2353
8264 42680 2581
22967 54066 5893
37213 53214 290
26022 48823 1797
27330 57038 2357
772 57046 4977
35288 50893 2200
9260 10484 73
5135 50964 2259
15865 57466 3452
7488 18296 1166
15963 55993 5780
26938 57696 5997
3325 46611 1448
1654 31305 5851
42933 53827 2097
41040 56219 2931
53060 56424 194
2491 41140 5966
18571 36999 654
32671 56497 2248
12945 57348 4060
1226 29431 2110
3918 35191 5173
564 28778 5171
5917 24213 2839
11089 49941 5223
14484 40420 4012
4695 29754 2130
4026 49991 5749
16328 48995 336
49390 59198 23
27454 59605 5180
5321 18608 1647
12648 52252 32
3111 49912 4737
12888 43200 4580
33856 55147 3147
30089 48864 2350
16504 30473 714
10736 46295 5670
2913 36852 4165
20935 53718 5589
8868 52341 5675
18896 54948 5833
36773 58849 1242
46944 53702 291
11367 59848 4365
15856 49762 5934
16295 51344 5630
41853 52606 1914
26946 58679 3403
1515 37695 4308
13653 38862 4125
7227 46998 5171
7678 33921 3977
53604 59364 272
31431 49508 2193
168 43884 5767
821 30327 3805
10982 28391 870
20310 45348 147
8857 56143 5794
7532 55076 28
49945 57770 581
28801 54348 4745
13095 33395 1177
48363 52010 221
27232 54322 197
18036 59481 1463
46947 53553 1318
5300 19847 1803
14324 51903 5826
17145 45920 5104
13975 52365 3314
13735 29065 2764
12461 29505 1951
2916 52530 1750
31160 53356 2510
9466 48107 1467
26356 43179 3069
29262 55308 3684
18733 53832 3570
15943 54568 850
30299 51015 1540
16660 45668 1250
22106 40190 3006
2088 51482 4578
10795 53663 2515
36490 53579 1909
10517 32209 3728
14059 59933 5537
4447 58603 327
24791 52536 1132
5019 51975 5177
24835 56523 5789
8231 42760 2134
13068 30829 1883
10845 26769 2776
35637 55027 2762
31658 59220 5066
31360 55960 1072
16355 49475 460
23535 53081 1221
30263 57274 3839
4474 30287 3380
5951 34231 4932
3288 49371 3058
15067 36462 3608
3686 29763 4585
7657 40557 1392
20147 54390 4490
10716 56652 2023
4443 54066 3859
13548 54289 4937
29683 51043 2237
12084 28134 1237
6281 58793 2636
11443 41009 2294
17368 44809 3355
14287 21456 394
21649 34486 1602
28581 45539 3302
7874 21247 1358
12008 35471 4608
26441 58504 4958
16100 54805 4321
9892 22399 2394
34479 51632 30
18832 47912 3763
23392 51544 2680
27553 52884 1361
13127 32852 3547
27901 55032 3330
1566 41827 3847
12170 51062 3700
10874 41758 1403
26910 47447 3476
680 19097 1314
23864 58938 3822
7226 27250 3101
16572 52245 4751
35017 43236 1421
9497 39782 4904
23553 49831 2558
1793 39796 2196
21502 54746 2793
3304 44150 5853
1032 13774 1475
30094 53137 4026
7962 39074 3526
13410 39316 3116
32126 50982 2833
32764 53266 3712
8059 39448 1501
37606 49583 1831
8186 23954 2685
30943 52959 4304
16887 52620 2952
111 59300 5244
21236 45683 1711
14735 41717 5030
8193 43249 4925
2968 48787 3920
13536 39517 1805
2048 34680 5719
2222 38289 4805
24885 50300 4924
14996 57895 5915
36924 58258 1035
10447 36815 3197
34899 55331 2661
10837 45462 5689
12445 31867 2991
21607 47609 5042
16423 33009 3311
893 52784 5617
10494 37576 4901
11918 44375 5757
13705 48781 174
30394 59284 2735
49746 59481 1365
5552 58259 3793
20764 34716 1361
30004 59527 4060
20291 46974 3352
47384 56937 1827
3353 31975 3851
54017 55409 258
5202 23679 2190
7652 15071 827
16095 40260 3437
29328 57383 3706
13213 58440 2814
860 29499 4432
8822 42088 4794
34938 39891 294
41448 56971 978
24944 55016 2532
11165 54025 5890
21637 51757 830
7662 39398 5619
48300 53260 779
6915 44082 2872
13774 53268 5712
10030 46809 3030
24952 56170 4949
16810 51138 3403
15987 51445 2800
10422 59330 3038
19659 52313 2221
17140 34655 1725
5936 56453 3803
28038 57759 2307
12332 47961 3221
9053 51830 4589
14619 37641 969
15814 54744 4065
27200 44922 135
6562 37948 5708
21737 51080 4444
4432 58842 1819
41219 57998 613
11909 46815 2682
9436 55123 3544
2567 57965 4665
9181 32362 1565
14154 25687 1895
17762 30258 2284
26773 53286 2791
3771 48240 2243
12245 38751 4931
10034 49617 4502
10526 40827 3537
39684 53159 516
39887 48454 1105
9574 46846 5181
14902 51643 2521
12366 45745 4486
26830 41760 1974
3935 30354 1454
9102 31836 498
9334 37691 328
21323 28322 1117
26922 50446 1611
14218 49087 5627
1372 48605 4264
21466 49755 1833
42153 53886 531
13559 59906 2701
11996 39740 4837
21866 57104 5914
30626 34323 77
29462 49875 3455
22305 53301 4570
12202 44642 1988
13786 42593 3480
5474 46981 3708
40220 54743 1359
1345 35446 4681
6888 33924 3672
32469 49635 814
3574 31653 3650
24668 58151 5420
12409 47332 2983
18929 44986 2974
11852 33828 3070
23380 40963 1116
29349 48766 2655
24506 40680 538
16339 56285 2482
19045 56690 5909
11254 36078 2497
3813 43644 480
33743 55814 1132
1871 45270 2118
14386 33353 2711
14219 41148 2393
5866 34546 5069
54206 57898 610
37611 46025 1035
42383 59547 2302
19675 53245 4172
4759 36874 5826
8791 41068 5871
43189 57303 873
31358 56177 4353
23922 49787 4319
26338 56254 3488
4407 52976 5308
2195 43694 1471
26874 50359 2452
9013 45775 68
15297 56429 5864
36385 53162 1040
10302 58760 5452
3863 54099 4410
35951 44128 236
11577 41178 3836
6160 36461 5386
7866 33377 2760
36395 54978 1786
31261 59909 1422
9834 55316 2251
5605 54044 5985
11575 51468 3061
13129 45739 3623
14696 54810 2601
24671 58316 2903
40525 57281 1875
26025 49098 3986
24325 30100 88
9791 28025 2457
1639 42663 4803
20407 58924 4715
20116 51035 2223
1038 58396 5526
1769 36319 4267
5365 29011 1494
3823 41636 5798
5249 37469 5998
16987 44084 3807
16467 44265 4349
22504 55879 1903
16016 44366 5177
2970 57818 4767
35248 40759 726
26389 32164 233
19578 50974 4093
29286 49186 740
33377 48482 2914
26998 58573 4596
14255 25190 1054
24578 55385 5003
7929 38857 5659
25719 57666 5410
8558 37780 5250
9463 33204 1837
44446 56894 443
21282 47669 4990
6458 46854 1448
3494 42547 4372
7635 32767 23
29389 59071 4571
14536 43243 4790
17559 52300 3565
12706 53557 4919
11429 54182 4992
33078 41371 587
35353 51333 1438
27482 51807 4804
1085 50250 2073
16554 50636 5576
48069 57678 1156
4334 50180 5293
26234 50866 2367
37688 59356 1041
10095 55254 5525
34902 39065 505
36352 56466 3968
15471 47499 4465
7926 40852 740
4200 49235 4406
22903 30434 340
44309 52245 329
46870 58103 354
24715 56256 5694
48590 54992 1086
11423 54393 1336
5614 37114 4476
9468 47774 5859
36029 57922 385
2860 27901 1822
25523 47809 1733
20217 57292 4984
366 55622 4909
20065 36323 2075
56911 59476 111
386 47660 5808
44231 58335 2663
3374 17889 2726
56708 59320 309
622 27670 3947
6726 44501 3637
29722 55701 2318
9660 37343 133
172 12554 1705
20986 48145 3786
28105 56031 4087
9042 44076 5912
26968 52405 2165
10815 45157 3221
1804 31968 351
29828 53196 4497
12717 41620 1898
19906 48847 4578
14211 58279 1285
12945 34194 277
13175 24387 1313
22010 47700 4884
6460 24258 825
31340 45807 1825
9421 58774 4379
14047 20140 470
19829 43685 3406
20621 59302 3758
16075 45501 1389
14614 39121 1555
40528 56039 2144
5281 27631 3530
204 58492 3571
23181 48808 3628
26891 58144 5548
29741 53485 2338
19190 53390 5020
18912 25962 1382
17274 43455 3234
13705 37681 772
14783 52065 3741
4963 42240 5775
44819 54807 1994
2083 20576 2831
3531 49138 4033
13705 47416 4746
52496 59529 219
25970 52965 4778
31740 52453 587
10752 43430 1667
23703 53714 5433
41386 59563 3273
5527 30468 3108
10600 52911 5445
1164 56090 4587
16630 38482 2728
46799 58689 1826
26330 52705 4411
846 46086 637
272 33868 4468
3318 42130 4259
7245 38019 2322
27700 42447 925
23110 53240 3957
32714 58719 183
4302 29509 4372
3109 51976 4394
14506 43425 1681
32197 51628 636
21108 35880 1684
5660 39867 2989
7470 34584 621
8544 56237 3612
18369 50529 5076
12758 49277 4524
20352 42121 4318
4698 37210 3606
41527 57276 2610
15 18 13 12 14 16 17 10 13 14 13 15 20 20 16 17 11 12 16 20 12 13 12 18 20 17 10 11 18 11 11 11 19 11 10 17 13 15 16 15 11 10 10 15 20 12 13 11 12 15 12 20 19 13 17 11 14 11 13 11 19 18 11 13 14 18 12 18 19 13 15 17 14 18 15 14 17 17 14 19 15 20 12 13 20 18 20 13 16 14 20 15 12 12 19 17 20 12 15 20 11 11 12 20 14 17 13 20 11 19 12 18 14 18 20 20 12 17 12 19 18 10 20 15 15 20 15 17 12 13 17 15 15 20 10 12 15 12 15 10 15 18 12 17 15 17 11 17 10 11 10 18 15 12 13 10 17 14 16 14 20 12 16 12 19 15 10 20 10 14 16 11 14 19 18 10 18 19 19 17 11 10 14 11 10 12 10 15 11 20 19 16 18 18 20 10 12 15 12 16 14 18 19 12 20 16 15 14 12 19 16 16 14 11 11 10 13 16 16 15 17 15 13 13 12 19 11 15 18 15 15 11 19 13 18 18 10 13 20 11 18 18 13 14 15 13 20 12 18 18 10 18 13 10 20 19 16 19 16 19 11 10 12 19 11 13 17 10 11 17 18 18 20 20 11 12 11 13 17 16 14 18 12 15 11 16 16 14 11 17 10 12 18 17 11 20 11 16 15 18 13 11 17 13 14 10 20 16 19 18 16 10 12 18 12 17 11 13 16 14 18 19 18 14 16 10 14 18 14 13 10 20 18 20 12 16 12 11 12 20 17 18 18 15 13 19 18 14 16 14 18 15 14 19 12 12 13 13 10 17 20 11 19 16 20 16 15 16 16 20 13 17 15 11 19 10 16 19 12 14 19 11 17 13 14 14 19 19 14 18 14 10 14 13 20 20 13 17 13 20 19 10 11 15 16 11 10 18 18 18 13 10 16 15 10 19 14 10 20 14 14 19 12 12 19 11 20 10 18 19 19 10 19 19 13 15 20 11 16 20 11 14 15 18 19 13 20 10 13 15 17 16 16 17 20 10 16 18 16 15 12 17 18 15 13 17 12 17 18 14 17 19 11 17 19 14 18 18 11 11 18 20 10 14 13 19 10 17 13 18 12 15 10 14 20 10 18 17 12 17
16 14 16 12 12 10 15 13 15 16 16 16 20 19 11 16 15 17 13 15 16 12 10 11 18 12 10 16 12 17 15 18 18 13 14 14 16 15 13 20 20 19 14 17 11 19 20 15 18 12 11 20 12 10 13 11 11 13 11 10 16 19 13 18 15 17 12 10 12 10 19 16 18 10 15 17 19 12 15 14 10 17 20 13 19 11 11 17 11 19 11 16 12 10 19 17 17 19 17 13 13 16 19 13 19 12 12 18 19 19 13 14 15 17 12 18 19 15 16 13 11 18 14 12 17 10 16 15 12 19 17 10 10 12 20 13 20 15 12 18 20 10 10 15 14 17 12 18 16 14 12 16 10 17 20 11 12 11 17 13 17 16 19 10 12 17 20 16 15 13 11 13 10 20 12 11 18 17 12 19 18 19 20 20 16 13 11 13 15 17 11 19 18 16 10 15 16 15 14 11 13 14 15 17 18 14 19 10 15 10 17 15 18 14 13 16 14 12 12 16 14 16 19 16 17 18 11 14 17 13 19 15 14 16 15 10 19 11 18 12 13 18 19 20 14 19 15 11 15 19 16 14 19 20 20 18 13 13 15 20 14 10 15 14 10 14 11 16 12 14 17 20 13 16 20 10 16 11 18 15 15 19 18 10 15 14 10 12 10 15 19 13 14 17 12 14 16 15 16 11 19 13 14 12 11 10 16 15 19 10 15 20 20 14 12 19 14 20 19 17 15 20 15 13 10 18 14 20 17 10 17 11 17 16 13 20 18 20 19 16 12 10 18 10 15 11 15 10 13 13 17 15 13 18 15 12 19 18 10 10 14 15 14 19 11 16 13 18 13 12 19 13 17 18 14 14 15 11 12 11 15 16 11 16 19 13 18 20 20 18 10 13 12 15 18 17 19 17 12 16 18 13 10 10 20 12 14 12 16 14 14 19 17 12 16 10 15 13 11 14 18 16 16 20 20 17 15 11 13 20 11 20 20 18 15 17 16 10 14 12 16 17 20 15 18 15 17 12 16 18 19 11 14 20 17 17 20 15 14 12 17 17 17 17 10 18 15 19 17 18 19 18 10 12 19 20 20 17 15 12 16 17 15 19 17 20 15 12 18 14 14 14 18 15 20 20 14 19 16 18
16 10 19 10 18 16 12 10 16 11 15 16 12 17 20 16 18 15 11 16 15 20 19 19 18 16 12 10 16 13 13 14 18 11 11 10 11 16 17 14 15 20 20 12 20 18 12 16 12 12 19 11 10 15 16 18 16 18 16 11 11 12 15 20 17 10 19 10 20 15 10 12 14 18 16 20 14 16 10 19 19 20 20 16 18 19 15 16 15 10 17 20 10 18 13 11 11 17 12 18 11 15 12 17 10 14 18 18 18 14 13 17 17 19 13 17 10 12 11 17 17 16 16 13 10 16 13 11 14 12 20 19 11 10 11 20 20 10 13 17 17 19 17 12 16 11 17 13 15 12 10 16 18 16 13 12 15 12 16 13 11 18 18 19 19 16 11 16 17 14 18 16 20 20 13 10 17 14 10 11 20 11 10 19 14 20 13 19 14 13 17 17 13 14 13 20 15 20 14 18 10 17 17 20 10 17 19 18 18 18 16 10 10 14 20 14 16 20 19 15 15 18 17 17 16 13 14 10 14 12 16 18 17 16 11 12 15 17 14 20 18 16 12 17 19 13 18 10 14 14 20 14 15 14 11 13 12 13 10 16 18 19 17 19 17 18 18 17 13 15 12 10 14 20 20 18 11 12 20 20 17 15 10 20 15 11 10 19 11 16 20 19 12 19 12 19 14 14 13 10 13 16 12 19 19 20 20 13 14 11 12 11 13 11 16 19 13 12 13 14 11 17 15 15 15 14 15 15 14 20 16 12 20 12 20 20 20 11 16 18 13 11 18 18 17 16 14 19 15 11 20 15 20 15 14 17 15 18 20 13 10 16 11 17 11 11 13 12 14 13 18 18 15 12 12 16 11 14 12 18 20 19 13 14 17 15 13 12 15 15 16 12 10 15 10 19 18 12 15 15 13 20 18 17 10 20 18 15 13 12 13 12 14 17 17 13 19 13 20 18 14 14 11 18 17 17 17 10 10 13 13 19 15 18 11 16 18 19 12 17 17 17 12 10 19 17 18 18 17 19 15 17 10 16 20 18 13 17 13 11 13 12 12 13 16 15 12 12 16 15 20 11 17 15 15 13 16 19 18 10 11 13 14 10 10 15 10 18 11 12 15 17 16 11 15 13 13 19 17 11
20 200
