4
1 3 1556
1 1 1210
1 3 1236
1 2 1221
500
11889 22742 1989
36298 41565 921
26748 57302 5613
6944 13184 1204
17199 32816 2844
4262 17184 2364
15666 42495 4687
15433 20947 1074
29134 38821 1855
394 2551 375
16026 38206 4170
20008 51114 5223
6299 27762 4057
16438 17128 134
16353 48559 5854
36950 43737 1352
10780 34000 4353
7275 16312 1669
27488 33820 1217
45488 58910 2669
27292 54041 4569
23804 51493 4806
6503 33078 4456
10290 37868 4679
33053 43768 1968
17215 44411 5259
42191 59472 3066
24587 52015 5343
18932 32496 2627
54260 59782 989
230 33056 5525
14728 24914 2012
23159 54776 5740
43552 51273 1534
41080 59093 3586
1362 8709 1456
9452 31959 4021
38699 55352 2844
41790 44581 506
18080 50940 5583
40338 59980 3813
3981 38362 5961
26494 50975 4471
4324 25827 3911
3820 12799 1565
2127 29715 4741
45300 52804 1354
7713 32876 4328
42665 59958 3028
14142 27890 2620
9985 32697 4144
20001 35601 2668
6705 34954 4881
47602 59545 2364
9893 41064 5896
32373 53753 3943
22803 42464 3490
9407 39656 5574
43302 53382 1715
2943 4037 191
18229 46317 5024
30325 57135 4562
13314 40699 4781
44702 55993 1992
24025 54698 5113
28850 58665 5661
1358 15800 2767
20858 51918 5636
33205 36346 541
5312 16704 1970
16310 46390 5977
3186 23153 3556
37586 51053 2381
6863 21966 2533
21184 35082 2770
11001 43549 5860
368 13616 2337
35025 42070 1377
42160 55046 2191
24011 45862 3699
7896 35221 4766
12654 17883 889
2349 32917 5930
13555 40683 4766
63 12157 2084
21087 46337 4992
21310 38430 2856
2545 36010 5866
24525 27079 474
37718 37903 36
45757 55853 1731
24306 56343 5813
6135 26572 4054
49252 55294 1124
545 31228 5766
9402 39779 5225
2563 22333 3708
3999 34865 5547
13749 16072 391
26963 49063 4281
24398 31618 1225
16975 42871 4330
21813 45772 4313
31595 59902 5639
32117 41774 1742
17760 21057 643
23811 54818 5669
31729 52794 3651
248 21554 4246
59529 59923 69
24737 49309 4795
4806 12443 1448
22064 47855 4903
21307 37658 3134
35162 52145 3344
2016 31991 5128
26613 52115 4606
11007 28926 3159
31627 50228 3400
18172 41691 4673
13995 22934 1510
14703 30670 3147
45520 50923 932
8385 24949 3208
12643 21863 1545
5063 25804 3839
26844 44529 3199
46357 53661 1396
29773 33421 658
1330 27571 4865
21600 36400 2876
26848 31629 811
28921 32335 594
40785 45107 759
34621 44339 1872
30997 56885 4753
40713 54270 2559
33547 49623 2947
20187 48536 5300
29975 53644 4115
45484 47013 285
22972 53673 5815
27215 34376 1360
15162 23319 1627
739 20018 3313
1858 36567 5801
10728 19223 1601
41150 57002 3074
33413 54094 3528
27185 49562 3820
35564 48454 2491
13566 41632 5009
21547 50115 5104
5660 19580 2780
13770 28400 2508
24057 51144 5410
41831 59846 3595
7784 19389 1989
14810 33553 3263
13375 19512 1162
2238 23111 3819
25500 33708 1571
822 29067 4887
41886 47505 1066
3963 30530 4975
35440 55375 3744
27908 32123 707
36418 53785 3423
6627 15585 1657
35424 46184 2024
17251 20865 609
25539 48219 3843
29166 31919 535
41355 57741 3094
21789 34028 2335
1446 2310 166
21786 49818 5455
13139 44564 5248
27345 54923 4674
23223 43345 3734
31281 57017 4917
34301 40608 1061
4511 10838 1235
34809 59621 4877
51 11213 2071
28485 48655 3799
11628 29657 3443
22936 23068 26
8675 38271 4977
6513 31875 4717
36902 58609 4248
33507 56406 3842
27858 38895 1922
17282 31112 2535
41172 54215 2508
8885 9300 78
11407 14347 578
13136 41897 4900
28530 41180 2147
47466 55151 1281
1690 29812 5593
37704 39679 344
3413 20642 2945
14198 43652 5787
2287 2546 45
9656 14806 949
56679 59871 636
42477 47896 1060
15484 34317 3404
26315 50855 4173
7079 14040 1190
48048 51911 652
36662 37600 181
9224 17289 1572
45917 47530 284
38345 42693 789
25029 28868 767
25791 46046 3616
18758 23172 811
7467 35346 5222
395 22544 4111
7960 22677 2941
26834 41479 2626
23534 50465 4801
37735 59016 4040
14933 41119 5065
35879 59947 4769
12188 41294 5340
32644 56530 4423
4737 34233 5771
14112 25835 2150
7805 37275 5671
9266 38498 4903
17344 48992 5955
7693 37965 5519
28465 55491 4831
28269 49904 3982
37122 38328 230
46730 57669 1996
15886 17888 395
44065 55257 2182
23922 44070 3470
24457 35829 2145
13175 31465 3443
18571 26963 1540
16857 48534 5488
36331 37576 221
5323 27416 4232
10434 11203 150
37232 59841 4462
2806 19752 2981
10048 22884 2304
2496 5970 600
2112 24443 4352
16096 42192 5098
17212 48040 5146
34342 47283 2559
4961 28885 4115
23844 52069 5273
49107 56799 1358
10066 28366 3155
17504 19220 290
28521 34547 1067
4663 18490 2598
18649 41510 4254
42300 45769 618
30171 58422 5256
18375 36227 3363
39687 40955 224
23704 53070 5107
21190 49877 5506
1577 23363 4102
55772 59756 692
28157 57832 5743
27347 38070 1809
20474 38802 3289
22323 54085 5902
23556 49474 4914
3311 16373 2383
49442 56228 1177
13002 38326 4332
16004 38733 4469
17988 26609 1691
19071 40408 3562
8601 26717 3542
19444 23225 733
23683 46866 4545
11532 30832 3404
13814 33252 3720
17963 28265 1782
4617 8811 725
11419 31435 3806
21404 30342 1738
32710 45876 2584
44796 58230 2662
9529 22647 2451
43791 59309 3065
27023 39148 2173
506 15287 2484
31180 45038 2348
14659 17571 511
2883 27407 4708
16653 47851 5341
27890 44724 3363
10264 31913 4186
7041 32863 4500
31918 47853 2931
53412 56061 483
33525 46832 2630
28815 54696 4569
13517 30387 3050
21684 45998 4822
30649 31400 130
26666 47204 3428
13983 48109 5854
16789 32766 2805
3628 19034 2713
54644 55004 71
10797 17518 1136
32997 40985 1379
43017 59672 3136
36810 49495 2313
27 709 119
16677 27530 2135
34574 55390 3674
14371 19336 848
3461 30395 5235
27549 35259 1470
21128 51418 5936
30258 47251 2839
8621 39270 5830
41752 53381 2167
31398 43802 2213
51724 52971 231
7151 36084 5585
5891 29690 4517
14315 42264 5294
586 17393 3140
17254 22735 971
210 29184 5598
48439 49762 251
25058 39900 2790
34244 56276 4285
54040 55569 301
41197 59066 3466
58137 59838 338
19638 46976 4906
46121 58030 2202
8463 33449 4268
9057 24337 3016
25073 31165 1205
26013 28203 387
16362 43225 5152
44516 47462 571
49017 59779 2129
28821 52946 4141
5752 9877 715
32145 55479 4413
1107 6269 931
49626 52211 486
2151 22006 3533
40960 57929 3064
4170 23505 3684
12533 41243 5530
9477 34150 4431
5567 25983 3704
34042 56908 4173
36177 55644 3247
2698 26758 4073
54825 59743 869
753 3821 526
21642 24307 486
54539 57442 520
8114 16911 1555
3548 8315 813
43656 55568 2276
14198 42129 5132
40824 49584 1541
55294 58784 588
52759 59610 1191
24943 53219 4786
15825 30362 2548
11968 41568 5856
25377 47444 3699
14672 33973 3792
1378 17867 3001
29908 49529 3499
6347 22415 3119
11792 40001 5613
25314 38805 2345
16316 50846 5884
2430 10256 1544
49638 54694 849
49286 54904 1017
7218 10362 603
18781 19110 62
53476 54789 251
29988 33751 642
34270 52633 3217
18912 50195 5858
35548 38351 489
32123 43960 2332
7548 38197 5698
37032 41226 756
37640 51733 2606
12519 13346 145
7944 18215 1772
24956 49054 4635
37067 58664 3619
14305 35712 4170
6866 38582 5792
25625 31415 1082
31633 56952 4880
9668 39383 5599
15835 46961 5437
24747 35639 2052
7669 35812 4692
17892 37262 3495
16121 47314 5934
5806 40570 5957
40152 53021 2505
49783 51663 335
2066 7988 1161
26979 45887 3594
32666 44014 2187
11845 27148 2616
53453 59991 1215
24533 30966 1220
42365 49980 1477
40532 49644 1658
19182 29867 2014
27278 49943 4114
79 3474 679
40377 50701 1753
22928 34512 2145
19510 21494 363
32996 50348 3046
28992 43413 2766
25018 45539 4075
50476 58439 1364
4422 13194 1513
25526 28345 554
18066 44553 4576
35199 45433 1739
7999 38916 5808
30596 38807 1419
35411 45348 1753
25810 34718 1577
31153 59912 5488
39301 41657 466
22585 28739 1084
21046 24818 690
1614 19615 3518
21918 37418 3060
17386 46559 5333
38429 52373 2498
22102 30921 1593
32809 54598 4017
13400 20946 1321
2913 24523 3778
7926 8499 107
15938 40881 4413
21362 41174 3354
11590 33340 4003
9050 17604 1465
22224 45976 4647
11445 15475 745
36610 59767 4611
54312 58837 781
35704 45160 1664
31182 59363 5593
37976 52375 2753
38247 49053 1964
13798 15217 257
12537 20301 1482
20539 25290 933
1872 27033 4247
8597 16871 1473
23698 58432 5890
28355 32370 699
3019 14806 2308
7434 7658 39
3216 23086 3477
9920 33052 4168
13450 32154 3344
26818 58212 5993
26640 46533 3812
31088 53818 4137
11753 36452 4935
8421 37860 5422
2726 22514 3943
7126 32868 4653
2492 16550 2702
34127 39161 893
42880 48425 1044
223 35190 5945
32386 59934 5472
37816 55794 3272
3119 5746 466
29203 55174 4840
13 18 18 10 11 16 17 14 13 13 18 15 18 18 20 13 20 12 17 17 19 20 19 15 20 14 16 16 11 15 12 16 17 11 17 15 15 12 20 15 17 17 17 10 13 14 15 11 12 19 18 10 20 18 10 14 12 12 20 17 18 18 17 16 17 14 15 10 19 17 15 17 10 14 14 16 20 17 20 19 17 16 18 18 14 17 11 18 11 11 13 14 13 15 17 15 16 15 12 20 15 15 20 20 20 15 12 13 13 19 16 12 13 14 18 13 20 12 15 15 14 17 19 17 13 10 20 16 11 10 20 13 14 11 16 19 20 12 11 10 17 10 20 17 13 13 20 17 16 10 15 17 10 15 10 16 19 19 19 10 20 11 12 13 12 15 14 14 14 10 17 15 14 19 10 18 19 17 14 17 13 10 10 19 12 10 17 13 12 17 15 10 15 11 15 16 11 11 11 20 19 11 13 14 13 15 10 16 12 15 16 16 10 15 14 20 14 11 20 12 10 15 12 20 20 12 14 15 15 15 12 16 16 10 16 15 10 12 20 10 20 14 10 16 16 14 14 16 13 15 11 20 20 11 10 18 10 19 11 16 11 20 11 15 14 16 16 16 20 13 16 10 13 19 10 13 18 11 13 19 11 15 17 19 18 14 16 18 19 14 19 15 11 15 16 19 12 16 17 14 11 15 16 18 12 11 12 18 14 11 19 16 20 14 12 10 16 16 14 10 17 20 10 16 16 15 15 13 15 13 16 14 18 14 13 15 15 20 13 12 13 18 16 13 13 15 19 10 18 17 15 12 20 19 11 10 16 14 16 17 17 20 19 12 12 18 17 10 20 16 20 19 11 12 17 10 14 13 18 12 18 10 19 15 19 19 13 10 13 11 20 15 13 11 12 17 19 13 20 11 11 14 18 10 12 15 19 13 11 10 18 10 15 10 20 14 13 17 10 12 11 15 15 14 20 19 10 19 20 14 17 20 17 14 12 12 14 15 15 18 15 13 20 18 12 13 13 15 16 15 20 12 13 16 18 11 17 18 14 11 19 19 13 15 16 12 12 14 16 19 17 13 17 19 14 15 19 13 20 19 19 14 17 20 16 10 15 18 11 11 11 14 20 16 11 17 16 18 20 15
12 16 14 11 18 11 18 12 13 15 15 20 16 11 14 10 16 12 16 11 16 18 13 18 10 11 14 10 14 13 20 17 14 19 12 20 18 20 18 10 16 11 18 10 10 17 10 12 16 10 18 11 14 20 14 16 14 14 19 11 16 17 16 19 11 20 16 16 17 10 16 16 13 11 20 13 14 10 12 12 12 17 18 15 20 20 11 10 12 14 17 19 16 16 14 19 14 19 13 13 19 20 15 18 12 16 18 10 20 15 11 10 12 15 15 15 15 14 11 16 10 17 17 15 10 10 19 19 18 11 19 13 13 13 20 13 15 16 13 13 13 13 16 16 20 15 15 11 14 10 11 17 17 10 17 14 18 16 17 20 19 18 13 20 18 19 12 20 17 16 16 17 18 11 16 13 12 16 10 18 14 19 13 11 10 12 15 14 11 13 19 12 18 17 17 20 16 17 20 18 16 14 20 20 18 17 12 14 16 10 19 19 14 17 12 20 13 16 19 13 20 19 13 20 12 11 19 19 17 16 10 18 14 15 12 10 11 20 12 13 19 11 14 12 12 19 18 18 18 14 19 17 18 12 11 14 15 12 19 13 14 15 10 10 15 14 10 18 15 10 18 16 14 15 20 13 16 13 18 17 14 17 11 20 19 19 16 13 16 19 13 10 20 15 19 10 12 13 19 12 10 10 15 12 18 20 20 14 17 12 11 19 18 18 20 16 19 13 10 10 13 14 17 15 16 17 10 10 13 20 14 20 20 14 14 17 12 14 18 12 13 17 18 15 15 16 10 12 20 13 19 14 17 12 17 11 18 20 13 20 18 20 17 20 11 12 10 19 15 18 15 19 20 19 12 14 11 15 15 16 16 20 18 11 12 15 11 17 20 19 20 16 20 12 18 20 15 10 14 16 18 10 15 15 17 13 13 13 16 10 10 15 16 20 20 13 17 14 12 14 20 13 19 14 19 13 16 19 15 18 18 15 18 20 20 17 17 13 19 13 14 16 14 14 16 20 19 14 11 10 13 10 10 12 20 10 12 15 13 14 15 18 14 14 20 19 18 17 14 14 20 19 19 12 15 19 20 16 18 13 19 16 20 12 19 12 17 12 14 18 16 12 20 20 20 14 16 17 18 18
14 20 10 13 20 14 15 15 10 18 18 15 11 15 14 11 19 20 13 11 10 14 12 15 19 19 19 20 18 17 17 13 17 17 10 10 18 10 17 13 20 15 14 10 18 17 19 18 19 19 16 17 10 12 14 13 12 17 11 16 14 18 20 17 17 12 18 12 13 20 18 18 10 14 13 15 19 14 19 16 18 11 10 19 17 14 17 13 18 15 13 14 18 16 15 16 20 12 19 13 12 10 18 17 17 11 15 14 18 20 15 11 19 20 20 14 18 15 17 20 10 16 12 14 16 14 12 17 17 13 15 19 13 12 15 17 17 13 13 15 16 20 14 14 10 16 10 16 20 16 12 19 14 11 11 11 13 11 12 11 10 12 13 18 14 19 11 10 19 18 15 16 12 11 20 10 12 15 11 10 11 16 17 15 18 19 18 13 16 15 20 17 20 17 11 15 14 10 10 18 14 11 20 15 18 13 10 10 20 13 20 15 11 14 10 18 16 12 10 16 11 19 17 16 18 11 19 13 15 15 14 10 17 15 10 12 12 20 10 15 14 13 10 14 18 20 12 14 20 14 14 18 11 10 17 10 16 12 12 10 12 12 15 13 16 14 13 14 13 14 10 17 12 10 11 12 20 14 19 13 14 20 10 13 14 12 16 17 20 15 11 11 17 12 18 11 17 11 13 11 18 13 16 17 17 14 19 11 10 17 17 15 17 15 19 19 20 14 16 17 18 11 13 12 18 20 16 10 19 15 13 16 16 20 18 12 20 14 20 19 10 10 12 14 17 12 20 15 11 20 11 13 18 20 10 17 14 18 12 19 20 14 12 15 13 18 19 18 19 13 10 12 13 12 10 13 20 10 14 15 18 10 16 20 11 10 15 12 17 12 16 15 13 13 11 12 10 18 14 13 18 12 15 13 19 18 12 14 20 13 12 17 15 19 17 14 19 12 15 15 18 15 19 20 11 16 13 16 20 18 17 12 19 11 20 11 18 13 14 13 15 13 16 15 16 19 18 13 16 10 12 19 20 17 14 17 19 12 18 12 15 17 10 13 19 19 14 18 11 18 14 20 15 11 13 15 12 13 18 14 12 11 15 11 15 13 19 15 20 16 20 20 12 14 11 15 20 10 12 18
13 15 12 19 19 17 18 13 16 11 12 19 15 13 14 10 17 15 16 13 19 16 15 15 15 18 18 20 16 11 19 20 12 13 10 18 13 17 14 13 16 19 19 14 12 11 11 17 13 16 14 16 17 11 12 17 12 10 11 13 13 14 13 14 12 12 16 12 19 10 12 19 17 10 20 14 15 10 15 17 11 10 16 13 13 18 16 20 18 12 20 16 19 19 10 11 19 19 12 13 15 18 19 14 17 12 20 13 17 17 11 17 16 13 16 10 11 12 11 10 10 18 20 11 14 13 16 20 18 14 15 13 14 12 12 14 11 19 12 19 12 17 11 13 19 11 14 10 16 17 17 14 11 12 18 20 13 19 16 15 11 19 15 10 15 20 15 11 12 16 15 12 17 13 13 16 17 10 12 10 14 15 11 14 17 16 10 11 20 19 13 20 14 12 20 20 20 15 15 19 20 19 18 15 17 11 10 17 13 14 12 20 10 11 11 20 14 10 15 11 13 16 17 20 18 20 17 11 14 19 11 17 20 18 15 12 19 10 10 14 12 14 12 11 13 10 20 18 16 19 11 10 19 15 19 15 15 15 18 20 18 18 19 15 14 13 19 17 12 10 16 11 15 15 17 12 14 14 17 12 15 15 16 17 17 17 19 17 18 20 16 13 10 11 16 10 19 19 12 14 11 18 14 18 15 20 11 13 10 10 16 15 13 14 11 15 16 17 13 15 16 16 20 18 13 19 17 14 10 11 13 12 11 18 10 19 20 10 13 15 14 20 19 20 18 17 19 11 18 10 16 16 17 10 14 16 16 15 16 14 15 20 12 12 10 20 12 18 20 18 10 16 13 20 10 13 11 17 17 14 15 18 17 13 11 13 13 20 12 10 19 11 10 19 20 11 15 11 19 10 19 15 16 19 20 16 20 18 13 11 16 12 13 17 18 13 20 18 19 17 14 17 14 10 20 17 13 17 18 15 20 13 19 10 14 20 15 15 20 11 12 12 11 16 17 15 18 13 14 18 18 14 15 15 17 11 11 11 13 16 18 16 16 15 13 12 14 17 15 20 15 18 15 15 13 17 11 10 20 20 19 10 17 13 12 18 15 10 12 17 13 15 14 19 19 15 20 16 11 10
20 200
