4
1 1 1063
1 1 1609
1 1 1317
1 1 1513
500
13086 43491 5766
27617 45701 3284
56412 56716 54
33764 57845 4414
28583 55905 5356
46345 58612 2398
4008 7559 709
5826 34427 4811
35608 51484 2767
28524 57001 4900
36160 46336 1779
21522 40570 3303
10828 20423 1911
40290 52180 2268
30046 55041 4501
19936 31404 2199
36303 58123 3961
22109 35779 2281
39161 53285 2807
34856 43494 1595
9451 28685 3467
11459 45668 5806
35004 55378 3524
27081 55397 5161
49339 58273 1640
20043 47014 5391
631 21139 3449
31741 55919 4369
35834 43691 1544
31705 43002 2238
20205 45971 4652
20342 47769 4907
25360 31455 1095
21053 27800 1285
9396 11468 411
4474 8475 758
23566 34197 1899
25922 27972 402
38077 42223 795
23444 52322 5575
11873 44689 5902
17520 33104 2924
5543 31407 5118
44761 58698 2725
531 3634 520
10570 40648 5203
19740 35483 2692
33401 48979 2882
17917 49291 5526
37000 50513 2299
35559 39178 703
17563 46623 5015
35852 54579 3122
11750 28153 2900
22997 29587 1169
31835 51216 3383
1158 22063 3505
22646 50042 4838
40429 51073 1893
49011 52755 652
28943 54106 4930
15612 16176 96
33603 34756 209
47314 47568 48
2480 14060 2279
17040 45516 5495
12641 21430 1581
11359 24141 2319
15270 31868 2824
27472 44917 3463
3689 5021 250
1630 23055 3887
7601 35333 4941
543 28843 4804
51898 55585 699
34905 44099 1763
15867 45467 5087
13822 38299 4241
8448 35592 5242
37258 46779 1833
32230 42943 1883
32015 35554 692
1368 18990 3523
35640 51513 3076
18238 41399 4632
12291 42875 5368
21679 34345 2210
45249 46205 180
38247 41937 691
4905 22408 3357
21633 38628 2941
34785 58744 4371
33586 50423 3203
10825 18574 1438
17808 38293 3958
42910 50035 1239
25636 56075 5426
45721 53345 1329
16821 34998 3482
12569 13821 242
29581 36511 1205
18758 45510 4707
9960 10628 127
40410 42402 353
2324 4484 386
10575 26940 2756
21338 42769 3698
32609 56916 4541
17350 23686 1068
28841 48729 3894
16686 39426 4125
54422 55212 145
1012 29130 4798
37461 58630 4220
26728 38489 2083
6392 17129 1804
41338 58984 2980
30172 45622 2672
27266 39077 2082
8088 9706 310
43645 45954 419
26260 50674 4160
584 14404 2735
35387 39758 858
20703 38343 3037
3050 29167 4532
22372 55269 5623
28086 49111 3928
17750 45867 5190
2147 18854 2846
45257 51639 1103
8329 39446 5239
4186 28082 4717
5664 32710 5181
29603 33921 793
32730 49415 2876
2732 33870 5778
36566 47273 2139
37526 59791 4415
14847 46640 5527
37623 52845 2956
16248 44148 4897
39382 41746 444
7054 21272 2537
23345 28966 1030
41355 51116 1800
19017 31946 2573
14535 30810 2725
21949 47731 4390
36306 49726 2481
35793 58440 4292
36654 40136 583
33356 59003 4334
27637 45664 3403
14949 31020 2963
15716 24358 1603
41858 52644 1985
57975 58754 130
9726 28087 3083
35590 52447 3184
28815 56426 4697
1325 16166 2930
11924 20392 1543
23326 49523 5181
21857 37708 2646
44277 56911 2206
5192 26063 3582
31934 41425 1717
22276 26767 843
34970 58772 3995
29442 46946 3087
7942 35795 5056
27330 40111 2302
16667 43557 5247
37247 59082 4003
27412 32206 847
22473 49725 5174
42010 47554 958
4267 8554 802
20851 48559 4881
16089 35838 3826
16412 27442 2061
11918 41872 5577
47479 59291 2030
30924 55862 4731
552 23056 4364
4003 21379 3353
20045 34531 2711
29182 51893 3825
3442 9707 1171
34729 52833 3239
3879 26270 3819
19140 47532 4886
34053 42970 1565
7973 40761 5470
19969 40866 4175
35550 52513 2867
31398 48470 2863
4023 38582 5966
29333 39250 1973
53643 58020 864
37734 53182 2764
517 28359 5514
2834 28005 4500
37449 46694 1647
14912 39283 4207
30892 43952 2253
16520 21029 816
27614 50574 4095
35075 38190 538
2568 25281 4035
32225 59339 4676
18016 28513 1974
6776 32999 4852
36518 57072 3456
9442 31069 4259
2376 29716 4739
1073 6569 948
42843 46328 697
10255 33047 4443
35948 59943 4711
16071 28936 2385
7623 13288 983
27428 52432 4898
8435 19866 2121
16862 33117 2889
42850 50342 1249
39340 59785 4075
7107 29606 3805
4010 31414 4825
26995 37719 1869
22372 48523 4785
11901 32760 3913
11730 34954 4279
30272 59500 5137
36677 40567 777
27830 36069 1534
25174 31852 1223
36151 52001 2684
34168 42188 1390
5637 25864 3482
5642 13113 1316
42334 52928 2073
1592 3970 459
23541 45568 4025
27965 35402 1272
8025 26599 3227
20297 32314 2343
55427 56457 198
20790 49294 4931
5095 17380 2062
26883 34675 1481
17337 46646 5281
36757 44376 1368
34383 53320 3672
17861 39519 3690
28159 57788 5828
50234 57825 1336
37488 39998 456
19002 37634 3358
8641 14152 952
10288 29508 3300
14144 44475 5453
37980 48930 2112
33580 35781 393
9280 18066 1599
26985 41142 2553
14760 17374 462
3707 21486 3011
42071 47461 908
24651 28434 683
22520 49280 5210
27975 40733 2467
42745 57255 2431
17150 49671 5799
26254 31204 842
26350 53803 5385
8219 40648 5514
1324 24742 4668
19157 30246 2163
4202 33848 5838
37814 39000 215
28778 58171 5340
50518 59553 1782
22844 46571 4625
36170 44156 1498
42338 43933 308
21245 44047 3919
36741 52209 2976
12987 27182 2660
1932 27390 4710
21413 48990 5307
51082 56650 975
25411 48336 4365
19311 53948 5940
10936 32793 3991
34138 58881 4881
22944 23258 59
20416 31064 1881
12782 18083 1021
11763 35717 4130
7906 37897 5085
17068 40147 4327
28061 58179 5968
12526 41593 5642
35568 48159 2306
19077 47821 4960
24943 52168 5007
47314 53563 1050
16446 19296 563
35437 54799 3327
24094 34302 2022
3459 31934 5217
11946 39948 5556
7801 21058 2363
5430 13292 1390
2068 23798 3759
28267 52173 4614
30325 49098 3233
1260 20089 3688
10014 19690 1647
37011 55101 3597
23195 47413 4572
6581 26478 3896
32381 55170 4331
18014 32611 2845
53484 56414 580
258 27590 5049
23615 42908 3843
28154 37744 1720
24975 53053 5399
25263 46509 3853
53679 56948 611
1651 23688 4003
230 11831 2208
4295 10544 1202
1877 15340 2670
22554 57581 5979
4331 10706 1083
26760 42508 2883
2072 3961 339
42953 59898 3381
38282 55385 2851
13584 37136 4639
22580 53951 5751
23163 29578 1131
16824 44766 5176
38896 46969 1413
24233 27242 536
32492 35500 530
31015 57266 5229
22134 25758 629
49883 57396 1451
18938 31901 2523
9501 19908 1983
9144 36021 5040
16388 38566 3857
25830 34942 1679
22716 47052 4796
22410 51173 5264
5830 36510 5210
30298 30693 77
51585 53755 427
29857 52200 3940
3975 33105 5726
83 29948 5303
31277 34212 576
8513 20904 2150
22273 43524 3743
55865 59844 684
16398 33304 2887
8199 30738 3783
37295 54330 3341
11081 15227 724
7286 25474 3170
40434 54197 2596
8719 37143 5475
34122 48951 2661
30932 36426 993
34491 44651 1729
22358 34516 2168
15587 45238 5069
38176 55643 3387
13282 30788 3205
15896 27668 2258
4466 18988 2878
35979 58829 3839
37512 40648 567
3080 7255 723
24168 29027 868
14094 43329 5319
40716 47550 1201
30620 40800 1857
55830 59287 626
29700 52602 4316
44588 49534 931
12458 36995 4449
52536 59416 1274
29717 36786 1186
44976 57642 2126
21559 40956 3760
18472 22112 697
867 25370 4853
2731 20119 3349
19190 35866 3233
32543 52676 3454
16179 42532 5120
26235 45272 3267
1849 11337 1641
28474 35173 1193
8054 30781 4134
15959 44169 5568
24289 46724 4463
48906 55388 1102
532 25702 4463
40382 50371 1744
25390 45158 3776
24392 51988 4929
5191 16825 1950
8664 11406 514
12485 39277 5150
3754 16499 2249
16939 29926 2462
40153 47264 1281
719 22319 3950
8524 32383 4306
3850 8689 818
15572 46787 5981
13867 20824 1194
42522 51962 1816
46 3380 583
22799 25592 507
33266 43163 1678
57041 59425 440
38311 46840 1477
743 20344 3721
19629 37950 3626
48093 57246 1767
55325 59427 731
5597 13429 1532
24640 46726 3864
32773 38728 1026
3954 6317 396
8970 31583 3978
24023 34573 1917
5749 25868 3640
35584 43613 1570
12889 24460 2278
31434 58545 5313
147 2041 320
9322 33936 4556
22182 54417 5942
36150 44118 1344
40976 41490 90
30665 31549 170
29405 43915 2763
31751 53954 3918
171 19835 3463
5886 25983 3420
11753 32067 3900
43371 59156 2884
2594 4578 341
35421 36022 114
35410 47322 2357
40670 42515 315
32346 47737 2809
2207 19170 3197
27562 40461 2555
24015 36229 2240
45054 58468 2338
31472 49128 3276
26870 51894 4540
10414 15351 895
26860 32779 1017
16411 44844 4988
15699 26369 1892
45255 55302 1939
43956 59043 2969
23090 35757 2172
14045 41911 5431
20915 26631 999
15706 16524 154
5399 23298 3377
24307 32583 1573
19955 38863 3357
27993 30424 426
18986 23467 863
52427 55233 531
29675 44131 2889
46448 47813 262
28495 44415 2766
33054 58632 4840
41510 53015 1930
2811 14387 2163
7694 7864 32
20095 43104 4294
36220 46086 1692
9381 28246 3573
44562 59929 2785
38811 45844 1249
16 10 11 11 15 16 18 13 16 18 18 15 11 12 12 11 16 10 14 19 10 10 13 11 17 10 12 20 12 19 20 10 16 13 14 19 16 14 19 10 20 19 13 11 20 19 18 10 17 11 11 16 11 19 13 15 19 19 12 10 12 11 19 16 18 18 16 17 17 18 18 17 10 15 20 13 10 16 10 15 14 12 18 11 14 12 10 18 20 13 10 12 12 16 12 14 13 13 15 18 13 16 10 15 10 20 10 10 13 16 18 11 20 10 17 10 12 12 12 17 19 16 11 18 18 15 15 18 11 14 12 18 13 14 11 19 20 18 20 15 18 18 15 17 17 11 16 19 18 14 17 19 18 14 20 11 20 10 20 16 12 16 11 18 11 11 12 19 14 17 13 17 16 17 13 14 11 18 11 20 10 19 13 20 11 11 17 11 14 16 13 15 14 16 14 19 11 12 12 15 12 20 13 17 12 14 12 13 19 17 18 12 20 10 14 13 10 19 18 17 15 13 18 20 20 14 19 10 14 14 15 11 13 20 11 19 18 15 20 20 11 12 12 15 13 19 19 18 12 12 14 19 12 12 12 10 14 12 19 19 10 19 16 20 18 12 15 18 12 19 19 12 17 10 12 11 14 16 14 16 15 19 17 16 13 19 15 15 18 13 13 16 13 17 13 14 17 10 16 15 16 13 17 17 15 18 17 10 20 11 20 19 13 11 11 17 12 16 15 10 15 17 20 17 11 16 19 12 12 15 11 20 20 16 10 16 12 10 11 18 13 17 18 15 12 12 10 16 20 15 19 13 11 19 12 17 11 20 12 12 18 11 16 18 19 11 20 14 18 20 18 19 14 16 17 10 16 19 18 14 20 16 14 12 10 10 15 11 16 16 10 15 18 16 11 19 15 16 16 12 20 13 18 20 18 17 15 12 20 20 17 20 14 10 19 20 11 18 19 14 14 10 17 20 14 11 14 15 16 15 11 20 15 16 18 20 13 12 19 13 20 20 13 15 18 20 10 13 18 12 10 18 19 17 18 18 10 13 15 19 19 20 14 10 17 13 19 17 17 19 19 16 14 13 18 20 16 20 12 20 15 10 14 13 13 14 17 10 11 11 18 20 10 20 12 18 20 11 10 16
18 18 12 16 10 17 14 10 14 19 20 13 16 14 13 16 20 19 17 12 11 12 18 18 11 11 18 12 17 15 15 15 20 12 18 18 14 18 16 16 13 18 20 19 11 17 13 16 16 14 20 14 17 19 15 14 12 11 10 13 11 16 17 11 11 15 18 18 16 14 19 14 18 10 17 11 11 10 17 20 17 20 13 16 19 11 11 14 18 12 12 11 20 13 15 12 16 13 12 12 10 12 16 11 20 13 16 16 16 19 18 12 20 16 18 19 18 19 16 20 10 14 11 20 10 14 20 11 18 19 13 13 13 10 11 14 14 18 17 10 15 12 17 15 12 20 15 13 20 18 11 17 11 13 18 10 19 11 17 14 12 10 16 17 15 19 11 12 14 12 19 19 20 19 20 12 15 10 15 14 13 13 12 12 18 12 19 19 14 16 10 15 15 12 19 17 20 17 13 16 15 15 17 16 13 11 20 20 20 14 19 18 10 20 16 11 20 13 14 17 11 11 10 12 19 17 18 20 13 20 17 14 14 18 17 14 19 18 13 14 17 12 16 15 11 11 19 20 15 14 17 12 20 18 14 15 16 10 13 18 11 11 13 13 11 20 16 10 17 12 15 10 18 18 20 10 10 11 11 16 20 17 15 14 15 14 19 14 19 15 20 14 18 11 15 12 15 11 16 11 19 14 18 19 19 14 19 16 15 10 13 17 20 11 16 11 20 20 10 11 10 18 12 16 16 18 13 11 20 16 20 11 14 14 10 12 11 12 20 10 11 18 11 11 13 17 15 15 17 16 17 10 13 19 17 20 19 20 20 14 10 10 16 10 18 16 11 10 10 14 11 16 13 12 17 19 10 13 13 16 12 12 17 17 13 20 17 13 15 14 11 12 10 10 20 13 12 14 13 17 14 13 14 14 16 12 14 20 12 12 20 19 15 19 12 18 15 17 13 19 15 19 13 15 17 11 14 12 13 18 18 14 10 10 14 18 20 11 16 20 14 15 17 19 14 14 17 18 13 13 13 18 18 19 15 11 15 16 11 10 17 20 16 19 13 19 20 17 16 17 16 17 11 15 13 15 17 17 12 15 10 16 18 15 10 18 17 15 15 13 19 16 15 19 16 16 10 16 18 15
11 19 11 14 19 10 14 14 15 18 20 19 10 10 17 16 15 13 18 11 17 15 13 10 19 10 19 20 13 15 14 20 18 10 12 15 13 20 13 19 20 16 17 17 10 15 11 16 10 19 12 16 10 20 18 20 16 10 11 16 12 12 17 10 17 20 20 12 14 13 15 19 11 20 16 16 20 14 10 17 20 10 10 18 16 14 18 15 19 16 10 20 16 15 17 18 15 19 16 14 10 14 18 20 12 17 10 10 16 16 19 14 15 20 19 12 14 17 16 12 15 11 19 10 19 19 17 18 13 13 16 19 20 16 19 13 18 12 10 10 10 12 11 13 11 14 10 17 15 15 19 19 10 15 15 16 14 18 15 16 13 11 20 20 19 14 19 19 12 10 12 15 15 13 13 12 11 20 20 12 13 13 16 13 12 11 17 12 19 10 15 10 18 10 14 16 11 14 18 14 17 15 14 18 12 15 12 18 14 20 19 19 17 10 16 14 12 16 14 15 14 20 14 16 17 10 17 12 10 20 17 10 18 12 11 18 12 19 11 10 10 14 13 15 11 16 13 13 17 13 16 17 15 11 10 12 17 11 20 17 15 20 15 17 17 15 13 16 20 18 18 15 16 18 20 10 14 10 16 14 13 10 10 20 12 14 11 19 13 20 20 13 17 16 14 18 16 19 15 16 18 16 12 13 15 13 17 20 11 20 12 10 16 15 15 15 11 17 10 11 17 19 15 14 17 20 17 10 10 11 20 17 10 14 15 16 11 14 10 16 18 14 10 16 15 13 11 14 20 16 12 19 16 17 13 14 11 16 13 19 18 14 17 17 14 11 17 12 20 10 15 15 13 16 11 18 13 20 12 14 14 16 12 16 12 16 13 10 13 12 12 16 13 18 14 11 10 15 11 20 10 10 12 13 18 13 18 12 12 13 18 20 12 11 16 17 16 20 14 11 14 11 16 19 17 17 16 16 10 19 16 16 13 13 11 12 11 13 13 20 15 15 10 11 19 19 16 18 10 19 14 19 14 14 19 10 19 11 15 11 18 12 20 13 11 15 16 15 20 16 16 10 14 20 15 15 15 14 13 11 16 12 16 14 17 18 10 17 10 18 13 13 10 14 12 19 16 16 14 17
10 10 18 10 19 12 18 16 18 12 10 14 12 14 16 15 10 20 18 17 18 15 12 20 13 18 12 16 20 13 16 19 13 14 18 15 12 19 12 13 18 11 17 16 14 16 10 15 16 12 17 16 12 12 14 18 11 18 12 19 13 19 10 20 20 14 12 12 19 11 17 15 18 19 20 20 13 16 12 19 17 12 17 18 10 16 16 20 19 14 12 12 19 10 18 16 13 17 14 20 12 11 19 18 18 16 18 15 19 15 20 12 15 19 20 18 17 13 10 16 15 13 10 17 14 18 11 13 19 20 11 11 20 18 19 10 19 15 18 11 11 16 15 12 20 10 17 11 13 19 11 17 16 11 14 15 19 18 15 19 10 15 16 16 16 11 16 16 13 15 14 12 11 16 13 16 18 13 20 15 19 19 12 14 10 15 13 14 12 10 18 12 14 10 20 19 10 14 11 12 11 20 14 17 20 20 19 14 16 10 14 16 19 10 19 12 14 16 19 10 20 10 12 18 14 16 12 18 12 10 13 16 11 17 12 14 10 12 16 15 16 13 20 20 11 10 17 10 17 10 16 19 12 15 18 17 14 16 13 16 14 14 14 13 12 14 11 13 18 10 18 10 15 15 20 11 17 18 16 12 17 15 18 11 19 10 11 16 13 19 18 18 18 18 16 18 14 15 17 18 17 10 12 16 18 17 12 20 10 12 14 16 17 12 19 17 12 17 20 10 13 18 12 10 18 20 13 15 19 15 10 11 17 14 15 11 12 12 14 10 15 11 11 18 20 18 13 18 18 20 12 15 14 17 17 11 14 15 13 16 17 11 18 14 10 20 16 19 15 20 11 13 10 12 20 12 13 10 12 17 17 18 10 15 15 13 16 15 19 17 15 15 17 10 20 11 16 19 10 18 11 11 17 14 16 14 12 15 13 16 20 15 16 13 12 14 10 10 17 15 19 16 14 10 19 14 12 15 11 17 18 20 16 13 13 13 15 17 19 14 13 17 15 13 18 10 20 11 15 18 10 20 14 10 13 20 19 14 18 12 14 19 18 17 14 13 11 11 16 19 15 13 19 10 17 13 14 20 11 13 14 15 14 10 19 11 18 18 17 19 17 12 20 16 15 16 14 20 15 18
20 200
