4
1 1 1413
1 1 1352
1 1 1227
1 1 1994
500
5085 36740 6000
23242 58881 6000
22044 55875 6000
9272 58567 6000
6349 52814 6000
10881 43993 6000
29165 59646 6000
28561 59105 6000
18487 49930 6000
16586 57016 6000
20899 52394 6000
5380 53865 6000
24755 58421 6000
29994 60000 6000
25117 58544 6000
19252 54693 6000
17817 51195 6000
720 55702 6000
28352 59428 6000
18898 58719 6000
1987 43452 6000
20623 53644 6000
3947 48642 6000
27269 57276 6000
15597 52290 6000
11051 59809 6000
16706 57285 6000
17923 55204 6000
17001 51738 6000
6999 56822 6000
12996 46358 6000
15076 55275 6000
21809 51882 6000
599 57963 6000
2020 37096 6000
19545 51897 6000
4671 49524 6000
28230 59648 6000
5982 49230 6000
13029 48187 6000
24107 59140 6000
10538 51581 6000
20086 54565 6000
11228 43186 6000
14388 59646 6000
15027 51998 6000
1866 44797 6000
16917 52762 6000
3810 34247 6000
3684 50443 6000
24509 56994 6000
15977 52194 6000
20149 53057 6000
26870 58463 6000
5169 38513 6000
5557 38109 6000
7935 59589 6000
27754 59002 6000
14109 58261 6000
1643 41329 6000
866 55738 6000
13128 47438 6000
5217 59227 6000
23539 55271 6000
1646 38034 6000
11364 49088 6000
24037 55995 6000
963 33557 6000
18208 53601 6000
23114 54627 6000
7400 58279 6000
13261 54439 6000
25236 59668 6000
9995 41408 6000
27841 58990 6000
12457 54392 6000
19592 52386 6000
29027 59091 6000
3680 45353 6000
8328 43683 6000
9969 46298 6000
25903 58961 6000
14483 53265 6000
4250 43721 6000
3328 36685 6000
8570 39042 6000
20566 51400 6000
9180 51156 6000
11659 58638 6000
8945 59390 6000
6456 39878 6000
1631 56265 6000
20007 51778 6000
28738 59704 6000
17501 51371 6000
10132 56710 6000
18687 57913 6000
10796 54715 6000
28948 59892 6000
29149 59828 6000
1837 42652 6000
24837 56664 6000
13624 54502 6000
13294 58824 6000
22762 58738 6000
28359 58840 6000
13909 52539 6000
22351 56809 6000
18970 59042 6000
7843 52658 6000
20516 57843 6000
24367 59848 6000
27401 58547 6000
21570 52930 6000
12583 58625 6000
13474 47477 6000
25079 58255 6000
12443 52942 6000
13106 53558 6000
17885 55969 6000
6176 51630 6000
13923 56056 6000
3179 59207 6000
8751 48118 6000
27139 57776 6000
17001 52810 6000
21083 52454 6000
15839 49727 6000
22320 53329 6000
29773 59939 6000
28183 58438 6000
26907 59261 6000
20203 59232 6000
17862 59718 6000
16465 54968 6000
20804 59693 6000
3919 58231 6000
15003 55450 6000
21660 56131 6000
18528 59536 6000
9570 47577 6000
3668 50797 6000
7833 45594 6000
12343 47471 6000
21219 54350 6000
18569 59369 6000
22383 54982 6000
28879 59654 6000
15017 58174 6000
2205 34995 6000
12509 49424 6000
12557 55676 6000
9188 46768 6000
14946 57474 6000
19955 55332 6000
25758 59010 6000
27533 58300 6000
12331 46984 6000
21426 59088 6000
21389 53189 6000
5615 44824 6000
29238 59307 6000
17043 47697 6000
20371 52226 6000
20758 53089 6000
21608 58250 6000
25502 58673 6000
7704 52544 6000
6909 52451 6000
1398 41621 6000
19960 54736 6000
20242 59322 6000
11427 41844 6000
9163 42655 6000
16065 55733 6000
16441 50568 6000
4043 42296 6000
17725 51774 6000
14068 46614 6000
20925 58905 6000
20546 59057 6000
18992 57484 6000
14898 57736 6000
18849 50828 6000
24722 59555 6000
3421 49715 6000
21466 52478 6000
29269 59954 6000
24472 59962 6000
26958 58375 6000
28387 58908 6000
12076 55070 6000
19948 57811 6000
17110 56473 6000
4176 47504 6000
24125 54299 6000
22455 54286 6000
16383 52362 6000
11912 55193 6000
5000 58437 6000
13503 50602 6000
29389 59392 6000
14903 51031 6000
26406 57789 6000
14713 53139 6000
13689 52186 6000
21767 53037 6000
10511 44114 6000
9448 45389 6000
4907 39733 6000
12972 44829 6000
23071 57913 6000
26437 59270 6000
10097 42474 6000
28547 58602 6000
10676 45437 6000
987 41232 6000
16589 59863 6000
25657 57988 6000
29515 59521 6000
17898 50696 6000
12589 55241 6000
16311 58340 6000
2490 34580 6000
16622 49914 6000
1065 48530 6000
23869 56230 6000
19995 55752 6000
3705 46836 6000
11164 56344 6000
21528 51997 6000
15183 48215 6000
13463 49821 6000
27614 59769 6000
6992 48108 6000
10793 53743 6000
19807 59474 6000
25935 59267 6000
7962 59127 6000
22928 57823 6000
9766 40428 6000
3964 46024 6000
10010 41705 6000
19705 53644 6000
22947 57277 6000
25606 56662 6000
24830 59023 6000
2521 38874 6000
453 57791 6000
11578 42534 6000
29981 59994 6000
25770 57610 6000
21616 58575 6000
16852 55794 6000
1299 57962 6000
4989 55252 6000
13631 56425 6000
24770 57433 6000
16504 53737 6000
13342 53006 6000
10324 54662 6000
25492 59732 6000
15638 52017 6000
24671 56510 6000
22210 57524 6000
29388 59835 6000
12033 54243 6000
12107 56572 6000
7200 57169 6000
19516 59242 6000
15829 58073 6000
12830 50129 6000
9927 45487 6000
4137 35768 6000
3899 43490 6000
13469 50713 6000
5774 47675 6000
15002 48240 6000
1809 39949 6000
219 33629 6000
8236 51499 6000
16198 48676 6000
14000 54061 6000
3397 35171 6000
13019 54960 6000
27068 57613 6000
3097 38103 6000
6556 42846 6000
10679 56610 6000
7022 38836 6000
10949 57013 6000
25228 56554 6000
10227 55420 6000
9734 44890 6000
12479 43947 6000
8558 51208 6000
26591 57559 6000
12699 51160 6000
26213 59253 6000
24156 56912 6000
28867 59032 6000
21512 53662 6000
9652 47684 6000
18212 50102 6000
21824 59892 6000
24585 57399 6000
18739 52166 6000
1449 37067 6000
2195 55269 6000
5296 42650 6000
16233 58910 6000
22722 58560 6000
18469 51362 6000
7626 43590 6000
26593 57870 6000
12684 45319 6000
29654 59659 6000
3170 49873 6000
11579 53837 6000
3525 51428 6000
9535 53534 6000
14288 59632 6000
9175 49272 6000
3278 51147 6000
8334 55517 6000
7571 59416 6000
7494 45380 6000
28835 59576 6000
13835 46114 6000
935 50107 6000
6260 36855 6000
27250 57296 6000
7908 48308 6000
180 42671 6000
25716 56853 6000
8650 51137 6000
7965 53799 6000
24089 55119 6000
21017 51285 6000
1035 39147 6000
16855 49228 6000
24340 57203 6000
23453 56060 6000
26299 59192 6000
3645 41438 6000
25911 56573 6000
14959 47338 6000
24323 56092 6000
5318 37206 6000
2684 54044 6000
11100 43992 6000
2891 42425 6000
4057 34067 6000
4756 40919 6000
19996 54987 6000
24783 55910 6000
29628 59662 6000
14657 55497 6000
26544 58311 6000
44 55716 6000
19502 55160 6000
4521 51184 6000
26665 59391 6000
12568 48215 6000
15371 53906 6000
8912 41519 6000
11590 54822 6000
17901 56087 6000
12593 58147 6000
26946 59464 6000
6479 40183 6000
16603 56192 6000
117 58972 6000
1952 54152 6000
4923 50492 6000
21699 55990 6000
14820 46854 6000
8496 43666 6000
20901 51851 6000
24902 57715 6000
28939 59564 6000
19568 53585 6000
340 57025 6000
17325 56833 6000
8795 42953 6000
194 45893 6000
24138 59377 6000
22890 56980 6000
26221 57613 6000
23818 56200 6000
2995 46923 6000
10065 41641 6000
21009 57783 6000
5091 38034 6000
7998 44102 6000
14805 48781 6000
16084 54322 6000
28110 59032 6000
14599 59198 6000
9848 46172 6000
28221 58465 6000
26460 58414 6000
7 50832 6000
7019 39638 6000
17647 58967 6000
18083 51855 6000
21991 52541 6000
20163 52804 6000
28291 59805 6000
8408 58362 6000
11971 49910 6000
26685 57594 6000
20226 58934 6000
2452 46597 6000
2643 58392 6000
13178 45188 6000
9720 42319 6000
10055 57296 6000
25862 56739 6000
29335 59941 6000
1427 51869 6000
9628 51088 6000
18215 58673 6000
1371 35645 6000
10989 52974 6000
19796 58011 6000
14127 50201 6000
3806 56121 6000
642 36454 6000
23153 56188 6000
3473 59844 6000
12397 51761 6000
26261 57519 6000
20393 57231 6000
3705 42008 6000
22020 58584 6000
11380 45291 6000
12777 57884 6000
3113 38594 6000
26486 59949 6000
13794 51515 6000
7074 41418 6000
29799 59802 6000
17078 51500 6000
21201 57990 6000
6311 37415 6000
2138 35254 6000
16974 52919 6000
15008 46121 6000
10121 59157 6000
21847 52501 6000
22183 56988 6000
9739 47409 6000
18857 53670 6000
15568 58059 6000
5111 48159 6000
5321 59349 6000
849 40990 6000
10489 41230 6000
19771 50674 6000
8346 52168 6000
16747 48552 6000
17670 59530 6000
935 42993 6000
25104 55473 6000
1540 33692 6000
14960 57109 6000
1948 32684 6000
14338 57767 6000
5982 55850 6000
7297 54491 6000
28183 59534 6000
12250 55373 6000
11940 48709 6000
29056 59088 6000
20006 56692 6000
17323 49716 6000
10749 42568 6000
24231 57826 6000
22514 57140 6000
24520 58102 6000
7636 48571 6000
3706 46084 6000
5464 49383 6000
19137 54534 6000
2956 48366 6000
19739 53897 6000
22253 54073 6000
17000 54341 6000
2272 45335 6000
25663 58812 6000
702 35927 6000
10264 58893 6000
18807 49027 6000
23439 57731 6000
25126 59237 6000
17421 58561 6000
9064 49335 6000
2562 41942 6000
8814 49760 6000
14 10 13 15 10 11 19 13 16 19 15 12 13 15 12 20 20 16 11 11 17 16 19 10 10 14 19 13 17 17 15 10 10 13 11 12 15 20 20 20 10 11 11 11 18 18 14 17 18 12 14 17 16 15 15 16 20 14 17 13 12 13 19 12 10 14 17 18 14 17 14 19 19 20 19 17 17 11 15 16 20 18 17 12 11 13 17 12 18 18 12 13 20 19 18 14 13 16 10 16 20 11 16 12 13 16 10 17 18 11 20 13 10 12 18 18 10 13 12 15 20 20 13 12 14 15 16 13 12 13 20 10 11 14 13 16 10 18 12 15 18 20 14 10 19 11 20 10 17 16 10 20 13 11 16 15 19 10 16 18 17 15 12 13 19 17 14 16 10 10 15 19 13 15 13 11 20 11 17 11 14 18 10 14 16 13 12 13 10 19 20 12 12 12 12 15 11 13 17 15 13 11 20 10 19 20 13 20 18 11 16 15 14 13 16 20 18 17 10 19 14 11 18 14 14 14 13 10 14 17 15 18 12 11 17 13 15 10 12 15 13 10 12 10 12 18 15 17 16 19 17 10 14 18 14 20 14 20 19 18 16 15 20 17 17 20 17 14 12 18 18 10 20 13 19 17 16 19 19 18 10 13 17 13 11 19 18 17 18 12 19 18 16 18 13 14 10 15 18 20 12 18 13 18 16 20 10 18 15 13 15 17 14 20 17 10 15 12 18 13 16 10 14 20 16 17 13 14 10 11 11 17 19 13 14 14 14 11 16 17 14 12 15 17 17 13 17 15 16 14 10 11 17 14 14 18 17 16 15 16 18 14 19 18 19 17 11 12 12 14 15 19 19 14 16 18 18 14 13 16 16 17 19 17 11 13 10 15 17 13 10 20 16 19 17 19 11 14 12 19 16 13 13 16 16 19 18 19 11 13 10 19 14 16 13 14 15 12 10 14 15 10 16 18 16 19 12 16 15 19 19 16 20 13 12 11 16 18 10 16 16 15 15 10 14 11 10 16 12 16 16 15 10 15 17 12 13 14 17 18 17 15 20 12 10 14 19 14 13 20 10 13 19 16 19 14 20 10 19 19 18 15 11 16 18 12 20 10 13 13 20 18 16 13 10 12 11 20 10 20
13 12 14 13 12 11 14 14 15 17 11 17 12 18 15 14 16 15 15 19 17 16 16 10 18 19 14 14 13 15 18 10 17 12 16 20 17 11 10 11 11 19 11 11 17 17 19 16 17 18 12 20 10 19 11 15 17 16 17 10 11 15 13 20 18 15 19 20 17 17 15 19 13 17 14 14 15 15 20 17 18 16 11 15 19 18 10 14 18 17 14 18 20 17 17 14 15 11 15 11 12 13 20 20 13 10 15 19 16 19 15 15 11 16 20 19 19 19 20 17 18 15 15 20 11 16 11 10 13 10 19 13 14 20 16 20 13 19 15 17 20 12 20 18 14 10 16 20 20 11 18 10 20 10 14 11 14 11 19 17 10 12 13 11 19 19 20 18 14 11 19 19 11 20 20 13 14 17 14 13 14 13 14 15 12 18 19 13 16 12 18 13 10 10 17 13 16 14 10 12 11 15 12 13 20 17 19 12 20 18 18 10 20 17 16 20 11 14 20 20 16 20 15 18 16 10 20 17 18 14 20 18 10 10 14 11 11 10 20 18 11 10 20 19 17 12 14 10 18 16 11 14 15 15 10 19 17 16 11 14 10 12 12 14 13 17 10 19 10 10 18 13 18 13 15 20 10 15 12 16 13 20 13 13 15 15 15 18 14 10 10 19 19 20 10 15 15 15 13 13 12 15 18 17 13 15 12 13 13 14 13 18 18 17 10 19 13 11 13 11 15 10 11 15 12 12 17 17 11 20 12 20 18 17 18 12 16 10 13 13 15 19 13 14 18 15 11 12 20 12 11 18 11 20 10 10 20 20 11 15 17 15 15 14 13 13 15 14 17 14 18 16 20 14 11 12 17 20 15 11 18 17 12 17 10 16 11 14 20 19 15 10 18 16 20 12 15 17 16 10 16 19 14 12 12 10 16 12 15 20 20 16 16 18 13 20 12 19 14 13 13 13 17 18 15 17 10 15 13 17 11 17 15 14 11 15 20 16 20 18 20 13 13 13 20 15 18 19 10 16 16 17 13 15 15 12 19 19 10 11 15 13 12 16 11 18 10 14 16 20 18 16 10 18 10 10 16 16 20 17 15 20 18 20 20 15 15 14 17 11 13 14 18 12 10 11 12 11 14 17
14 19 16 14 18 15 13 11 10 18 11 13 13 17 16 20 16 18 16 15 20 13 16 20 20 15 15 12 12 18 11 16 16 18 11 18 18 13 20 11 15 18 15 10 17 13 19 13 20 11 20 15 11 17 10 15 12 14 20 13 13 20 13 15 19 13 19 13 16 15 11 11 10 19 16 10 13 19 10 18 20 17 13 13 19 11 15 20 13 17 16 17 15 10 11 19 15 12 15 17 11 15 20 14 12 12 11 16 18 12 11 17 14 18 14 20 20 16 18 15 11 19 12 14 19 13 11 11 16 14 20 19 11 16 11 11 16 11 12 11 14 17 15 10 19 14 14 13 14 17 12 13 16 20 19 16 13 11 12 13 12 12 13 17 16 10 15 18 13 17 12 20 10 16 12 13 17 11 17 16 13 11 10 18 19 19 18 14 10 20 15 14 15 16 19 14 13 10 12 11 17 15 20 20 17 14 11 18 20 15 16 17 15 20 18 16 14 16 15 19 12 15 15 19 20 14 11 18 17 11 20 11 14 12 20 11 13 20 16 11 16 18 20 10 19 10 10 15 13 20 17 11 10 19 19 12 10 13 16 19 13 18 13 15 13 11 20 19 19 11 13 14 15 19 19 15 14 18 19 12 20 10 14 14 15 11 17 12 14 12 13 10 17 17 20 13 13 10 15 11 12 20 18 17 18 13 17 11 12 10 14 10 17 15 16 14 13 11 19 10 14 10 13 17 12 19 12 11 20 17 11 12 16 16 12 20 12 12 14 13 10 20 20 18 14 13 13 19 11 10 17 20 16 12 17 12 10 14 10 10 15 16 14 12 11 12 18 19 12 18 13 14 12 20 16 17 18 16 19 20 14 12 20 12 12 10 14 10 17 14 14 20 12 15 15 12 10 17 10 14 18 16 17 16 10 14 11 11 19 16 13 12 12 20 13 10 10 20 10 20 17 14 11 19 15 12 14 11 11 18 17 15 15 17 15 17 13 19 20 13 13 18 12 20 10 19 16 17 20 10 13 20 19 14 11 19 12 15 17 18 14 18 20 12 13 15 11 10 15 15 17 15 20 12 13 12 19 18 13 11 17 19 16 11 12 18 20 15 14 14 20 16 10 15 18 15 20 19 11 10
19 12 15 14 13 12 15 12 16 18 16 20 16 17 20 14 13 11 19 10 12 16 15 10 20 15 16 16 20 13 20 20 18 16 14 19 19 13 12 15 10 16 20 16 14 17 10 20 14 17 20 19 16 18 16 14 15 12 13 15 20 12 11 10 16 17 10 17 20 11 14 14 11 14 10 16 18 12 15 13 10 17 14 18 13 11 20 20 13 11 14 16 18 12 20 17 10 18 15 19 20 15 15 16 16 17 18 15 13 13 19 14 20 16 12 13 20 18 13 19 14 12 11 13 20 18 13 20 18 13 20 19 17 15 15 11 14 16 20 14 18 10 19 20 18 15 18 12 18 19 20 14 11 16 11 12 13 11 19 14 15 19 13 10 14 12 11 20 14 11 12 20 13 16 10 15 10 16 18 19 16 10 11 18 11 19 12 12 19 13 17 17 13 16 19 18 16 15 16 19 13 11 17 12 13 19 10 19 19 15 12 17 16 20 18 17 14 10 18 11 15 15 14 10 12 11 20 20 18 16 10 15 11 11 16 15 14 16 17 18 13 17 14 16 13 14 19 15 18 18 17 17 17 12 11 15 17 12 16 12 20 14 13 10 17 13 14 17 15 18 16 10 19 17 17 11 17 11 11 10 15 14 11 18 15 16 15 13 17 12 18 12 11 17 14 12 16 18 15 10 14 10 11 17 19 12 10 15 20 15 17 10 17 19 11 16 20 16 20 10 19 16 14 12 13 12 17 14 18 20 16 10 11 19 16 14 17 19 14 13 12 14 10 13 13 11 16 10 13 10 17 13 10 10 18 12 17 11 11 19 14 10 10 13 11 12 14 15 20 18 15 17 12 12 11 20 12 19 12 13 19 11 11 13 15 18 12 16 15 17 10 18 15 18 11 17 10 11 18 17 11 14 18 16 16 17 12 12 11 15 17 16 11 10 15 11 18 13 18 12 14 15 13 19 16 15 15 18 11 10 12 15 15 17 14 10 20 11 11 15 11 11 13 20 12 15 10 10 20 12 11 17 20 11 10 20 14 18 16 17 14 15 18 13 14 18 11 19 10 17 18 14 19 14 10 12 20 15 10 10 20 11 20 19 16 11 17 14 20 15 13 17 12 13 18 13 19 17 11 19
20 200
