4
1 1 1394
1 1 1852
1 2 1943
1 2 1914
500
18394 50775 5571
7680 56773 5462
17803 57380 5888
31487 52915 3085
23598 38478 2006
34136 59796 4010
20110 37704 3516
33350 48961 2125
30356 39238 1535
31958 45157 1791
3792 5940 361
4631 22917 1842
7658 17017 1511
28569 59946 5686
17649 54556 3692
14836 45062 4524
26192 48512 3992
30384 45809 2970
1085 5447 538
13261 52372 5971
29259 53287 4602
31589 43897 1605
32124 36915 553
10307 36118 2631
27980 55233 3946
9863 53985 5659
20475 42048 2367
16842 57487 5179
13469 36597 4035
48342 58266 1013
38823 57332 3110
22617 48620 3214
13447 37632 3284
26511 52773 5208
52204 59867 1532
16910 53428 5127
21143 34052 2312
24183 51030 2859
2705 29094 2893
18153 57775 5796
25194 32372 771
10834 36163 3627
42407 45890 593
26569 59400 5483
1787 20038 2969
15596 59376 5675
6221 43778 5943
46400 49723 514
6134 24860 2797
18509 48019 3539
23279 59223 4324
38629 49395 1604
2269 38321 5525
13895 26094 1872
41170 59905 3699
16160 22992 1328
7639 24393 3248
10821 28932 2145
32285 34640 395
12431 35280 2383
25404 55268 5845
17202 41446 3913
5066 16253 1579
38832 53395 2772
4438 51757 5618
4676 24589 3511
37374 44420 930
30981 51724 3064
21172 58157 5923
29202 46531 3011
6502 9659 532
12525 51749 5315
17151 39538 2458
4810 15522 1674
27843 49388 3852
33209 53950 3008
37135 58774 4264
44526 53980 1127
16648 31655 2467
1733 4419 363
36055 44161 893
32674 44577 1941
30623 52498 3329
43300 57199 1697
7671 21714 2576
38638 48915 1439
7784 19893 1598
29678 56580 4622
44468 59203 2538
24189 25416 180
9928 31255 4156
4264 24172 3832
41154 53184 2206
30101 58292 3471
43119 54587 1911
6458 35695 3725
40485 50739 1443
33170 52503 3692
2412 10059 793
29471 33479 549
25700 57775 5635
16340 29196 1918
28243 52096 2769
33061 33323 38
14530 14742 33
22597 59780 5620
29736 51679 4356
20518 20757 32
6305 36369 4488
37384 52578 2138
3793 41282 3773
24733 55335 4299
25683 40262 1548
39126 51711 2458
2993 36991 4646
8895 51909 4988
25398 36888 2242
27860 37929 1889
39997 56421 3069
18180 57098 5827
33131 48851 1640
7822 19720 1584
560 8587 828
31340 44502 1795
17780 22278 491
10953 37532 3960
14927 46181 4494
27205 56691 4643
10327 43364 5459
18866 44696 3100
21186 48437 3923
43587 50804 788
14715 28754 2615
26053 57859 4772
38016 55856 2936
33889 35262 269
26046 47926 3926
5814 39654 4651
29526 30934 201
32723 52303 2087
47714 51618 422
4532 29860 4812
13602 30237 2118
12624 25314 1365
44827 57242 2350
1606 2083 94
10507 50639 4853
22932 32952 1153
12000 38575 3929
7671 32563 3366
8240 35920 3656
22017 55780 3392
7455 30185 4341
42671 49128 689
18814 46133 2955
23076 23104 5
39605 58601 2690
22444 40715 2006
19242 51914 5609
5893 28147 2406
4165 28448 4356
31615 51771 2587
14711 25887 1238
38496 55296 3220
41507 55101 2281
37440 55843 1973
18103 27709 1252
7134 51953 5090
22532 23612 156
5367 54556 5643
52784 55444 284
671 44989 4851
37369 40603 396
41837 56359 1509
19229 37308 3551
6743 14568 1328
669 27486 4043
26198 56256 4636
37982 59013 3778
18004 30415 1346
30342 45928 2840
17580 26078 1096
38414 41215 369
12238 36558 4348
24950 57089 3592
35479 50427 1537
32750 35330 503
6557 27134 3827
31670 57247 4809
25277 43841 3024
38315 59988 4334
35667 58052 3409
11618 49376 4111
9270 10101 97
6724 35830 5450
2155 35955 5151
46450 51358 786
22718 46629 3225
9718 39517 3153
10736 48484 5189
11054 35930 2652
11351 57099 5938
46009 49086 473
28911 56499 5313
31762 56726 3519
1448 7893 728
13873 46962 5321
27436 50934 2864
37878 40495 304
33332 38195 492
23647 31700 1261
9398 44489 3768
8225 40152 4845
28126 37242 1345
12006 53345 5212
21426 46642 3659
29109 44092 1979
36784 46860 1341
24280 59961 4818
7571 34577 2861
775 47386 5547
12244 49089 5424
35696 51132 1947
16369 48358 3925
26748 56741 4553
27064 54954 5215
23695 45549 3670
30637 58412 3396
13317 29608 2085
11640 26969 2117
39313 54857 1703
35802 59971 4688
22625 59131 4833
24490 25886 175
5798 23575 3187
14954 25213 1668
52942 59803 1016
5076 40810 4711
11601 43711 5614
23996 41300 1817
5695 26349 3844
38303 55501 3335
26934 46552 2751
16134 38734 3495
11083 43735 5761
3943 12225 1492
13599 33618 2484
14080 16890 560
38108 59555 4288
3952 5017 128
35362 56755 3965
36087 43817 804
7299 18218 1750
6957 10841 759
22725 47306 4106
20933 35885 2135
11304 40991 3728
48277 59621 1946
9096 14669 559
2194 14057 1460
31969 41193 1669
6420 27536 2430
34268 57869 4663
25980 53629 3007
53431 58658 664
11555 12466 162
21327 47972 4607
1161 55909 5579
34085 36857 330
46778 59738 2547
17168 51754 5487
23655 39627 1728
2061 7770 1074
44473 59299 1885
17025 45337 5442
16634 42203 4148
24390 53676 3495
11830 33035 2988
37482 57043 3691
40838 59878 3217
17921 31828 2263
31967 39664 1458
16193 52541 5094
57453 59324 264
13494 42565 4925
34868 39500 542
23209 57871 5077
20827 36987 2569
25296 49694 2564
27825 58819 4781
31651 52504 3929
19911 35155 2259
35470 59349 4775
25244 33587 1083
28123 31756 532
23838 55447 5797
11382 49990 5719
9525 56862 5998
41279 59428 3121
22969 55979 4034
22126 50921 5435
46808 58632 1847
14019 50099 5010
2582 33548 3322
13756 28035 1880
7394 25870 2488
40518 59579 3616
21047 57100 5958
10130 49125 4181
3629 35408 4877
29361 58221 3635
37817 59701 4358
22486 30266 1088
36112 55849 3752
15893 33475 3025
12143 50941 5811
23870 29767 634
14065 19806 815
7210 35808 3788
25691 41242 2185
45348 54801 1598
42788 47907 605
5092 30730 3946
12334 50560 5454
15561 27925 2452
8099 44244 4998
18771 51455 3757
42731 56905 2801
11967 34520 3428
720 10836 1450
15691 35496 3559
22834 52495 4473
50708 59855 1633
13651 33470 3358
12228 57650 5511
11678 42306 3535
8328 25757 2970
10894 42185 4431
4901 6315 156
32881 37359 663
11540 35287 4401
28448 57131 4157
618 31930 4580
22790 53577 3324
41298 46765 710
49383 59664 1554
21562 28272 1154
34875 57787 3782
28086 53976 4557
44146 51724 998
21524 52682 5839
21686 58594 5267
30261 33975 438
17881 46822 3962
10151 37476 3515
21158 40261 3699
6590 29750 2869
48178 58781 1464
6143 24706 2128
5820 48119 4348
1889 39216 4064
26792 52314 3622
18613 27430 1417
22903 56426 4028
7863 54188 5977
18669 53971 5374
1332 20991 3178
10033 40149 4324
7033 30943 4605
8065 33266 2881
17188 42977 4041
41113 58584 2908
2208 30787 3907
32923 58486 2593
36852 56580 3926
13844 59394 5144
24688 44727 3350
41177 57187 1830
8865 41471 5118
16520 50285 3840
3349 45451 4561
4535 38662 4684
29610 59857 5652
9709 35253 2684
26585 55371 3265
34860 59470 4872
41846 54282 2146
5848 17543 1314
12596 45715 5874
48640 58529 1742
532 31500 5738
20720 30407 1076
8447 59219 5242
20048 41548 4263
29779 50878 3030
21170 58753 5075
9214 42294 5397
58316 59719 260
29237 57789 5238
47125 56843 1902
20810 56049 4175
27894 42528 1596
9558 30674 2559
26703 49807 3310
24831 56151 5689
5432 27078 2992
40260 54360 1865
2967 47838 5960
40106 52385 1758
38403 56028 2456
32887 48739 1839
8924 25396 3071
5110 27535 3566
8433 30505 2234
15480 50110 5492
32094 57723 4968
26993 55540 4571
32256 45363 2049
16380 55949 4001
19540 43359 4388
8661 19161 1417
88 30379 3125
6401 18042 1322
52752 58861 740
5678 40065 5483
355 6550 879
46940 59932 2554
7235 40193 4631
12412 55194 5461
29823 39779 1150
26043 58975 5947
46420 59805 2103
15278 26929 1714
26007 31117 951
33459 59214 4693
45176 59018 1685
22997 34853 1936
2407 37291 4667
1045 31305 3730
26253 51154 4849
21414 43085 3841
76 44634 4575
41862 58241 3093
35730 59827 4791
21290 39281 2472
52104 59157 967
37262 55219 2601
38927 43170 726
24016 27498 467
30880 58388 4990
28481 48420 2225
39005 49061 1140
4990 14974 1642
20535 50129 4560
26060 41981 2966
32402 59162 4962
7274 35899 5542
1978 42355 5207
19781 58965 5261
14181 40326 3985
26185 42965 1879
34842 59038 4672
13176 45456 3976
14024 38760 2934
985 48256 5686
9017 23748 1801
41323 49390 826
13018 30499 2223
25718 50688 2638
19943 46918 3072
10318 12274 234
16582 44966 5119
33873 47954 2773
10590 29747 1993
40257 58773 3586
11484 43891 3895
19912 45313 3413
18820 34266 1982
18782 53815 3750
2729 25562 2355
5124 56013 5163
25573 40277 2656
43174 55923 1997
31673 55396 2373
17682 46065 5095
37841 52482 1556
31052 55062 4770
38007 48120 1609
15300 44226 5154
31445 57150 3472
4368 16079 2334
26751 36731 1013
28231 35187 1336
57537 57861 44
27019 56642 5721
27912 28470 64
35115 59958 4788
52175 59629 1427
7093 29727 2800
25633 45335 3219
11 19 11 19 10 16 17 15 14 19 12 10 20 20 10 15 17 19 15 13 18 10 19 20 10 12 20 15 13 19 16 10 15 13 17 18 13 16 18 19 12 10 19 15 10 10 20 18 16 17 13 15 12 10 16 13 20 13 13 16 16 10 17 15 18 11 17 17 13 18 17 19 11 20 16 10 18 16 16 19 20 17 11 11 19 20 13 18 18 18 15 11 17 19 15 10 14 20 14 13 20 15 10 10 13 10 10 16 20 12 16 15 17 17 16 12 17 20 18 10 14 13 20 10 16 17 20 20 11 20 16 19 17 16 19 16 14 18 20 18 14 17 16 19 17 18 19 13 13 15 12 15 14 17 18 11 13 19 15 10 13 15 19 19 17 14 17 17 13 11 17 17 11 15 11 11 17 14 12 16 13 16 10 14 19 10 20 12 19 18 12 12 17 16 15 17 19 20 14 10 11 14 14 19 12 14 20 17 15 11 12 12 13 11 19 19 20 18 19 14 15 13 19 17 18 10 10 13 16 18 17 19 14 13 14 17 18 12 14 12 11 13 13 20 18 14 11 10 17 17 14 17 19 19 13 20 13 19 10 18 16 13 10 17 17 20 20 20 12 15 12 11 13 12 10 20 11 14 15 16 11 11 19 13 20 14 13 19 19 10 19 20 12 20 10 15 13 12 10 20 14 16 16 17 16 13 10 15 17 10 18 18 17 11 16 13 14 12 19 11 19 10 12 15 16 14 16 19 11 10 12 18 20 19 12 20 19 10 14 10 11 19 19 12 18 16 17 10 10 12 12 15 12 12 13 10 16 17 15 13 19 18 20 18 14 20 12 13 14 12 15 18 19 12 17 20 13 12 13 14 13 13 11 17 20 15 19 14 12 18 18 15 12 12 20 11 17 14 19 15 14 14 20 11 12 14 17 10 14 14 19 13 15 17 20 10 14 12 15 14 16 14 12 19 20 11 13 18 19 20 14 20 17 12 15 12 18 18 18 11 15 18 10 17 14 19 10 18 15 17 20 19 19 13 10 17 18 18 12 16 18 20 14 13 13 10 18 16 11 15 13 14 11 19 11 14 15 11 14 17 18 20 20 16 18 20 14 12 18 14 15 19 16 11 20 12 16 11 20 20
16 12 15 19 13 15 13 10 11 11 13 15 17 20 15 15 13 12 16 13 19 19 19 11 20 11 15 16 15 16 15 18 13 20 14 13 12 15 20 14 11 13 14 16 20 10 15 17 16 20 20 20 14 17 14 12 18 20 20 17 17 15 13 19 13 10 15 12 16 20 18 20 14 12 20 11 17 12 14 16 12 15 14 11 18 10 20 18 11 18 17 20 11 12 18 13 13 20 20 12 15 16 10 20 19 11 14 18 10 20 20 17 16 17 15 15 10 18 10 17 13 19 14 11 14 13 11 19 16 11 14 11 19 20 12 17 16 10 18 10 15 11 19 11 20 13 18 20 20 19 16 20 10 15 10 10 12 15 18 19 16 18 10 18 19 15 19 14 19 14 15 19 15 10 15 12 16 11 18 11 14 12 10 10 13 17 10 12 13 20 20 10 16 13 13 17 14 14 19 13 13 12 15 13 11 10 17 16 18 19 19 18 18 15 13 18 15 17 12 13 12 19 17 16 16 19 12 13 10 11 13 19 14 16 14 11 19 18 11 19 10 15 20 14 16 16 20 13 10 15 13 17 16 13 14 18 14 19 16 10 17 16 16 10 18 15 13 17 16 15 18 10 16 17 16 13 13 15 15 10 15 16 18 19 14 20 13 19 14 20 13 17 14 20 19 14 20 13 18 10 17 16 12 17 13 10 17 16 12 14 18 17 20 16 18 17 14 12 13 19 13 14 17 18 18 11 17 18 17 17 19 16 17 12 20 10 20 11 15 20 10 17 16 14 13 18 12 18 10 15 11 18 10 17 20 14 15 15 18 15 13 20 20 14 16 16 12 20 20 14 14 12 14 16 14 17 14 10 16 10 14 16 15 10 20 17 19 15 11 12 16 11 18 10 19 14 10 15 19 18 16 13 19 11 11 17 19 13 19 18 16 12 11 16 12 16 14 14 11 10 15 10 16 20 10 10 11 17 15 20 15 12 18 12 15 14 19 12 16 19 17 20 12 19 10 17 20 12 20 17 19 15 19 15 19 16 18 14 16 20 11 12 10 12 20 19 15 10 20 15 16 18 11 15 19 15 14 15 10 20 13 19 13 10 17 14 18 20 12 17 11 18 10 17 14 15 12 18 18 17
17 15 20 12 16 13 10 12 16 13 15 19 13 13 11 12 19 17 16 20 13 12 15 16 11 11 11 10 16 16 16 13 18 19 18 20 16 12 11 20 11 18 13 14 19 19 12 14 19 14 19 10 17 17 16 12 11 19 15 12 17 19 11 19 18 20 15 13 16 17 16 13 15 15 12 19 16 19 10 13 18 15 11 14 15 20 19 12 14 13 14 10 12 11 17 10 16 10 20 20 12 15 12 17 12 16 12 13 18 20 18 17 18 14 13 20 19 17 20 17 17 18 18 14 11 14 19 17 20 14 17 12 15 19 13 20 16 14 10 14 12 11 20 12 11 18 18 19 11 15 13 17 14 13 19 10 10 14 12 14 12 14 11 20 14 15 12 16 19 11 10 11 20 10 20 13 12 18 11 17 12 17 10 19 13 12 11 16 10 17 16 13 14 16 17 17 18 14 17 14 19 19 16 10 17 15 15 15 20 10 15 14 13 14 12 11 12 18 15 11 18 14 16 10 15 14 14 14 17 13 13 17 16 19 10 17 17 14 16 16 20 16 20 12 16 18 18 12 11 19 13 16 11 19 11 17 19 18 16 10 18 10 18 19 13 19 17 14 14 14 14 15 19 17 12 13 19 11 15 15 10 16 19 13 17 11 13 13 19 10 17 17 17 13 17 11 12 13 10 16 20 10 14 10 14 18 14 19 12 12 12 14 12 20 16 16 10 13 19 11 10 17 10 15 11 13 19 18 11 19 11 13 13 15 18 10 14 18 12 16 16 17 14 20 17 11 16 18 20 15 14 19 19 14 16 14 16 10 16 14 20 14 11 12 15 18 11 10 15 19 15 19 16 19 12 12 17 17 10 13 13 16 18 20 10 16 20 18 17 20 18 12 18 10 11 17 15 10 10 18 19 16 11 17 14 19 12 18 13 20 18 10 15 18 20 14 19 13 19 13 15 20 10 17 12 11 16 12 10 18 14 11 16 17 15 14 11 19 15 13 18 13 19 15 19 16 17 10 13 11 12 14 18 14 20 19 16 20 17 18 19 18 19 17 14 14 11 12 10 20 19 20 17 19 18 18 16 11 12 12 18 14 15 15 10 20 12 19 10 14 18 13 20 20 14 12 17 13 20 14
10 15 17 17 15 15 20 15 15 20 10 12 14 17 11 15 20 16 17 18 16 18 10 15 17 16 15 18 11 20 15 18 12 14 20 11 10 20 17 14 11 14 17 17 13 16 20 19 14 13 18 16 15 10 15 19 14 19 18 18 20 11 14 16 20 10 13 18 12 11 15 15 15 11 13 17 17 17 17 10 19 12 14 11 10 12 16 13 16 15 14 16 13 16 15 19 12 11 11 18 10 15 20 20 10 12 15 12 13 13 15 13 20 11 13 10 20 10 18 15 20 19 20 18 19 14 19 10 19 19 11 17 15 19 10 15 18 13 19 10 18 19 15 15 13 16 20 17 10 19 10 17 10 12 20 11 12 17 11 10 11 20 11 16 11 11 20 20 20 14 12 14 11 16 16 17 19 20 16 18 13 14 12 13 14 20 17 13 11 20 12 16 20 19 18 17 19 11 20 10 19 10 12 14 11 20 10 13 19 16 16 11 18 14 17 16 10 16 17 20 13 19 14 12 11 13 20 14 20 20 16 19 11 10 10 19 10 12 18 11 14 20 20 13 11 20 10 16 12 12 18 19 10 19 10 15 18 11 14 20 16 15 13 15 10 13 10 20 16 17 17 14 17 13 12 19 15 16 11 11 12 18 11 12 11 12 20 12 19 12 15 16 13 16 16 12 14 13 11 14 11 14 11 16 15 12 12 16 10 11 15 18 14 12 19 15 14 16 17 19 16 20 16 12 20 18 16 20 20 17 17 17 19 17 14 18 14 18 15 11 18 20 14 20 12 19 14 10 19 14 19 10 20 18 14 17 11 17 16 11 15 12 12 12 13 13 18 18 15 10 16 18 20 17 12 11 17 16 11 17 19 14 15 15 18 14 12 13 20 11 10 15 17 18 18 14 17 15 15 10 10 12 20 13 16 19 11 11 13 14 14 14 10 14 13 17 19 19 10 11 11 10 15 16 13 14 11 17 15 20 18 17 13 18 19 14 11 19 13 18 19 18 19 14 20 18 19 15 16 18 12 12 20 20 10 17 12 20 19 14 19 16 15 13 17 19 16 16 15 14 18 18 12 12 11 10 17 19 19 10 20 15 11 20 14 13 10 19 19 14 11 10 11 11 11 17 16 13 20 14
20 200
