5
1 1 1810
5 1 1067
4 1 1555
4 1 1355
4 1 1449
500
15000 45737 1651
18460 28123 1297
23235 55414 5606
31808 46442 2257
39752 55633 2783
22423 57192 3800
47761 57673 1721
5225 46223 3228
7973 43773 3494
32168 59140 4178
26381 47275 2295
13111 45571 5375
1718 21352 2878
5285 40120 4644
9711 33297 531
28059 50689 2320
30253 54027 2499
12287 55717 1105
19344 57637 2268
46808 56766 204
16940 47688 5976
35574 53361 2339
24845 59496 1283
37468 57746 1777
19380 42706 2731
2711 44225 2393
7858 34701 2156
43248 59067 730
10887 51175 2636
22995 50760 2143
48802 58329 282
12332 43914 2312
15998 47559 3689
25548 58774 821
23266 57325 5400
28105 33632 437
29496 57590 2345
16895 50221 2557
482 48899 5680
6130 12889 948
3906 57644 1658
37625 59135 3609
29982 51313 1750
43696 54890 881
13672 54218 1691
10572 42148 3747
5021 55526 4216
2101 58797 5103
13821 24091 1980
23435 55829 5883
30326 57584 2079
12784 41620 5331
8242 44634 912
24802 46985 3417
26567 42600 3019
30290 52310 4280
22643 55225 4517
8716 55501 5405
28955 41034 828
4677 37373 1221
19859 53654 5520
16792 47036 5342
24710 37131 281
3498 34124 4059
11755 51063 5801
13935 35238 44
1855 40970 3849
42956 52804 929
9950 44768 700
29915 52276 3510
3455 36808 5974
23565 59935 2957
5807 43324 4489
21121 56517 153
21796 56227 5850
43731 55366 220
14520 30003 1329
26600 59706 5143
21980 48079 1306
6126 58432 4028
6997 52085 3358
21737 56976 482
892 26386 4530
27358 51801 1556
15447 43094 4130
9328 39463 947
6611 40224 596
37400 58641 1714
14737 58973 5982
19846 48531 3018
6229 55343 5502
19537 49116 2331
38603 47126 566
4898 53472 4194
13026 55355 3918
22336 43341 776
9458 56269 1335
30237 57659 3697
15527 44902 2372
11689 37502 1417
47789 54223 914
2140 42263 3719
16397 53975 4951
11353 40408 3661
14015 42967 3456
26295 59577 3380
27108 41578 260
42554 53681 719
22639 55285 1598
6433 55781 128
686 49405 3859
2818 39443 4441
19548 53307 1852
26808 55483 2653
23953 49626 4203
20036 47049 2967
9616 48923 5568
1122 30620 2243
40775 53690 292
9212 46315 5356
17536 51707 3865
17882 39499 3168
3546 30031 5251
19170 53176 1692
6613 31316 3360
22894 57666 4532
8197 34193 2528
33271 58776 4287
18664 45813 486
17709 51709 4420
4978 35430 3145
24771 58895 5909
15337 49425 2161
33649 49385 1239
39604 57293 2830
4711 59574 5043
21886 46489 1798
8400 38466 1655
3066 41257 3235
7323 46821 3800
260 41798 3856
46867 55106 952
6772 44496 5843
15897 44828 3599
27272 46855 1263
33318 59644 5194
48139 53055 12
18918 55926 5421
17596 59246 5765
853 44175 940
6109 40298 2397
30258 45998 2337
38892 56160 1757
21597 52997 2949
1088 30916 4314
11010 34926 3022
10517 56808 1967
29305 59432 3807
18970 46628 5168
13568 51815 5449
16651 46369 4996
50884 58863 147
14571 48192 4966
24980 58031 5845
14666 21933 1300
10304 54997 4117
2225 51738 5372
31757 54341 4100
13950 42261 3904
8419 26563 2523
45005 59522 2745
32793 58961 3379
18834 45811 3518
22365 50548 2374
23079 33687 571
9766 25874 1344
20000 54290 1902
8659 58876 2521
3055 53132 2780
4381 31591 2245
16153 58168 5295
12411 59246 4706
10153 43350 2188
21446 48534 3327
21524 52342 4079
30063 46893 2038
17364 34983 892
6936 17412 1838
18737 29513 2133
701 46163 3645
10674 32826 4241
19026 57278 2181
35672 36908 83
16329 44207 2819
51113 57044 347
2245 37710 2465
25336 42170 2484
12299 54198 4285
12344 42390 4821
19055 47898 3120
31754 52275 3133
11415 41182 3981
39395 59935 4107
16526 36479 2850
39002 58612 1718
28298 59535 5681
11701 52413 5518
15906 46401 3978
12973 47539 4109
7175 31643 2656
11473 47614 2614
49885 58355 1007
8636 52491 3896
36856 51399 449
10955 42210 5068
3078 34868 1779
18129 43097 3097
2013 31771 3701
7867 38070 5611
11419 31464 2677
2624 39918 3575
34018 58839 3484
492 22379 157
19857 38111 2811
21456 55658 2872
4062 30994 4190
3629 44478 5604
6179 50827 3678
9795 48519 4860
21637 42264 3636
19367 50806 2631
23165 58211 1489
29296 51752 2408
6304 43275 4954
28995 41688 445
54023 59955 572
2540 11411 454
33631 40866 55
1506 42341 3369
22154 46410 4831
45564 56886 1894
1000 57504 2863
28753 46065 2034
13893 20502 1108
22420 45281 2645
628 41321 1972
3490 58226 4924
35846 56860 599
53017 55782 308
19760 35498 2810
4392 29345 4575
10330 38321 2850
3439 58872 4494
39834 55357 2455
28439 50837 4089
42710 51449 1294
21133 46988 4694
14621 49522 1936
38526 57950 3703
23750 53984 2527
20681 34633 1298
6375 59368 5917
6124 38612 3569
10417 45337 4895
40966 56839 3117
2367 27291 3518
26574 45455 572
47145 59198 909
12588 55146 2645
3424 18378 2751
21428 59307 3526
45466 48180 288
17232 55304 3335
8458 10548 180
15182 58236 2135
18156 53868 4448
3172 56713 1040
5731 36482 2016
22005 28546 256
49967 58605 169
28284 48463 1146
31 51590 4194
27038 39598 1143
18775 44785 1046
130 50229 4340
1011 34513 1493
7617 45616 5243
19716 46208 161
27661 51917 1813
4056 47242 1166
7669 58070 1395
25814 59920 5782
3289 34631 3187
40100 56007 2389
188 40118 1407
23823 58722 5776
22186 42908 4073
5305 46587 1384
52705 56480 196
14090 44248 5993
36392 58427 2511
15532 43070 4995
24219 53133 4065
36764 48947 286
20157 54466 3621
25261 52428 2935
5302 29428 3953
15983 39009 4065
6075 45012 3398
34100 59342 4741
10863 43291 5812
30461 53593 3799
52783 59183 733
21110 42949 1063
6620 42869 5413
40074 59896 2384
22051 58177 1569
77 52263 1930
24465 51606 301
11784 40578 1867
19291 54668 858
4 40029 4218
14587 36817 1203
1655 50187 2820
9936 56894 1820
32686 49196 223
37070 52814 3092
32644 50390 1733
6958 51055 5538
16804 57659 3796
13900 57136 4454
26192 42968 3051
17089 38770 3768
37269 58939 4279
36988 52562 2587
1787 39611 5370
46105 57612 1045
18875 54797 5640
23454 51301 5233
22020 54970 3758
6622 32429 4346
21522 42449 1736
6710 58991 4303
377 53394 1569
38958 53840 60
345 3623 161
43678 59907 3176
16063 58618 4116
34560 51825 525
27732 59449 5507
50886 52883 307
41721 49078 821
4745 16272 1443
12675 41227 5630
19601 59080 149
15719 31327 1938
34069 50668 2276
17388 48211 4707
3815 30050 5244
16427 54323 5605
4272 37531 5389
2682 49924 4282
50593 54910 571
55912 58316 163
35126 47420 2350
2221 56636 5551
11734 41087 4772
19989 57820 3644
24066 57647 5102
37836 49470 1025
22504 47740 3600
52 37183 4945
10467 35439 3834
2602 48574 4566
1082 58613 5338
3545 43989 5675
951 22884 2527
38262 52737 2610
30782 48425 189
934 59549 1024
50207 57538 600
35715 52914 3369
18356 42922 3645
146 53445 3456
4634 55496 4291
38394 58008 3921
12624 56254 5931
41398 57264 2710
27339 36971 841
34008 54643 2170
13607 36325 1485
23323 43298 572
6104 39758 3684
49142 57506 1460
2431 58411 4743
13360 51258 5941
5541 57214 5668
22165 59740 4927
25938 59038 4156
26248 42289 1478
17569 33522 2220
21599 52681 1024
1986 43180 3206
12206 33790 3074
21057 51724 4017
27541 52720 3490
844 42870 3400
26207 58117 1053
5330 58479 5439
8959 41048 4434
84 32036 5399
37187 56737 857
9894 39409 2798
34058 50712 2750
7591 51364 4654
125 59063 5267
27296 59606 5580
692 41777 4743
4039 30403 3053
18905 54499 2285
28415 51766 3327
18906 45644 4916
42077 59334 2299
5816 54236 681
7874 47977 1428
8914 47597 4369
263 51313 4300
5449 48864 5589
37148 48747 1664
30850 52637 2408
17159 49070 4770
41002 53108 2203
40544 44632 780
28776 50066 3982
18799 39605 1756
1596 57340 5013
20298 38499 1393
31992 54326 2444
2236 54292 1480
649 26486 4321
14756 49410 3683
46263 59138 88
4730 53295 3303
23808 59010 1980
5739 55210 3320
31664 54693 2920
6437 59541 2231
27040 50374 4378
8603 56984 4522
851 29800 5095
9410 23633 2587
13198 41938 4064
11648 44243 4448
27508 56396 4070
168 17433 1650
17476 50246 1924
1784 30490 4416
12436 58914 5962
2115 53226 3492
31633 59094 3194
24132 41646 3038
24681 56753 5436
884 54399 5319
4388 15231 1757
12473 58835 4026
12609 55568 4940
28936 32971 96
31207 46945 2028
18261 56332 5197
19258 44577 1331
1953 36297 5583
3821 35926 2102
8060 55577 2365
26359 52265 4816
42261 53362 1981
22317 48499 590
5264 44608 3357
21925 49561 3861
7921 53114 3940
42886 56847 1825
886 59067 5132
30954 54381 1552
8273 58540 1444
16035 43741 5092
2550 55142 5556
1104 40684 5407
2164 33587 5733
22341 30643 1219
90 40737 4870
35560 59601 4249
45371 58786 2281
26218 49944 1148
36575 50668 1805
18711 49392 2551
43260 56866 2639
9271 52485 5577
50608 56783 470
42411 56389 1071
8270 43677 597
12638 48746 1400
13 10 13 14 18 13 19 13 15 16 20 15 20 20 13 10 10 14 15 20 14 19 16 13 19 11 12 14 19 16 20 15 19 12 10 18 15 16 16 17 11 11 10 19 19 14 20 15 11 18 18 18 16 10 10 16 14 15 10 14 11 12 13 20 16 17 18 16 20 14 12 14 17 11 15 15 14 10 15 13 20 15 11 15 12 17 19 11 15 15 12 14 18 13 16 13 18 17 14 10 20 11 13 17 11 12 11 11 19 17 12 16 13 15 19 15 15 14 13 15 19 20 16 10 10 11 18 11 20 12 11 18 18 16 18 12 16 18 19 18 20 16 17 12 17 10 11 17 20 19 17 14 17 13 20 10 19 19 13 16 16 11 16 12 11 19 12 12 20 14 17 11 17 20 19 10 15 12 12 16 17 14 17 20 12 18 11 20 16 15 15 19 18 16 20 13 18 12 10 16 17 11 12 11 14 10 17 12 14 17 16 17 13 13 11 11 19 16 13 12 10 19 11 16 19 17 13 20 14 16 18 12 11 18 18 13 11 13 18 13 11 15 12 12 18 18 19 16 11 16 10 20 17 18 15 13 12 13 11 20 10 15 10 19 17 10 13 11 17 17 10 17 14 17 13 13 18 19 10 11 17 14 12 12 14 17 20 16 10 18 12 15 15 15 12 17 18 19 10 13 11 20 15 12 16 14 17 20 12 19 16 20 10 17 20 14 15 10 16 15 15 18 15 20 16 16 20 11 14 16 19 15 20 12 20 17 18 11 13 11 16 14 20 20 18 10 15 13 17 10 20 13 16 11 13 11 12 11 18 10 17 20 16 14 11 20 14 19 10 12 19 14 19 13 14 11 11 13 10 12 12 20 12 20 11 15 11 19 15 10 20 11 16 17 13 14 10 18 16 15 17 13 13 10 12 16 14 19 15 13 10 10 13 13 16 10 13 17 17 10 14 10 19 17 10 20 17 18 19 13 14 15 10 20 14 16 14 17 15 17 13 17 20 16 12 11 12 16 17 11 20 12 19 11 16 18 17 17 12 16 16 14 19 15 16 19 12 12 18 15 14 12 10 10 16 20 11 17 13 12 17 14 10 13 11 10 12 20 14 14 10 18 19 16 18 13 17 16 11 14
20 10 17 19 11 12 20 19 10 10 11 15 11 10 14 13 16 17 20 13 11 18 15 17 11 20 15 17 19 17 17 17 11 17 12 14 18 15 15 12 10 17 13 11 10 15 11 12 11 15 20 16 20 17 19 12 16 15 17 13 19 12 10 11 19 13 17 11 11 15 14 19 19 13 17 11 17 20 12 13 19 14 13 17 14 17 12 17 19 12 18 10 20 20 17 19 15 10 11 12 17 13 20 15 20 13 18 14 10 20 18 11 10 16 14 15 18 13 20 17 15 19 17 10 17 17 15 16 15 19 19 15 11 19 18 12 19 15 11 19 14 11 11 17 16 20 13 17 18 14 14 18 18 18 13 19 20 17 10 16 10 14 15 20 13 19 13 13 19 13 11 13 16 13 12 11 15 13 12 14 14 17 11 10 14 15 10 20 19 17 11 16 12 16 13 18 14 19 12 10 16 19 17 12 15 16 11 17 10 14 19 18 14 12 20 12 12 12 13 17 16 17 19 12 10 17 20 20 17 20 14 11 16 12 16 13 10 17 11 13 16 17 13 15 14 12 12 13 13 15 18 12 16 13 16 15 15 13 10 11 13 13 18 14 14 15 20 13 17 17 11 17 13 10 10 15 17 12 13 20 12 20 18 19 17 11 16 13 17 14 16 15 12 11 13 13 15 13 17 20 10 13 11 15 12 19 11 10 12 10 18 18 13 17 11 10 20 18 18 17 16 17 16 14 10 11 10 16 12 15 14 12 15 14 15 19 19 11 13 15 15 13 17 13 10 11 10 11 18 11 10 12 10 10 18 12 20 16 16 15 14 15 11 17 20 20 12 13 14 14 19 15 17 20 10 15 14 11 16 16 13 18 17 15 16 14 10 19 14 16 14 14 18 16 16 12 17 16 13 11 16 14 19 19 20 11 13 18 14 14 19 14 10 13 10 11 15 10 13 12 18 19 12 12 19 20 15 20 19 13 16 20 15 13 12 20 12 13 14 17 13 10 13 18 17 20 14 16 18 19 18 11 16 17 10 14 13 17 10 14 19 15 17 16 11 19 15 13 18 13 19 10 20 10 14 19 19 13 17 10 15 18 19 11 15 18 12 10 15 13 15 10 14 12 11 15 14 15 20 11
13 13 15 11 17 15 17 19 20 14 13 12 10 14 17 13 19 14 11 11 10 19 18 10 12 12 11 13 14 14 17 13 16 17 12 15 16 11 10 11 19 11 10 11 11 13 11 14 14 11 11 14 16 13 15 10 11 13 15 18 18 11 11 13 16 17 19 11 14 20 19 10 15 15 13 14 14 18 16 16 16 16 17 20 12 17 18 13 17 13 12 18 18 16 18 10 11 20 11 16 18 19 20 16 15 18 17 18 14 16 19 18 13 20 14 17 16 17 10 19 10 20 19 12 18 10 14 19 14 13 14 10 20 15 17 14 20 19 16 12 19 17 10 15 19 12 12 13 12 14 14 20 19 11 18 19 17 11 19 12 18 20 18 16 16 15 14 14 18 19 14 11 10 13 13 10 20 17 13 12 12 17 20 18 18 11 20 16 13 16 10 12 13 14 12 17 12 16 14 13 14 17 13 10 15 13 11 19 19 19 11 10 20 16 20 14 15 17 19 14 14 11 16 19 18 19 13 19 19 11 16 16 17 13 10 18 15 19 12 15 13 11 16 13 13 17 11 19 14 16 17 15 17 17 11 10 17 10 18 14 13 11 11 19 18 16 14 11 17 11 19 18 14 20 18 15 19 12 12 19 11 13 11 10 10 14 13 12 16 18 15 20 19 16 19 11 11 13 13 13 19 11 13 19 15 20 17 14 12 14 16 14 10 15 19 14 10 18 16 17 13 18 16 16 16 16 16 10 16 16 17 17 17 20 20 10 18 18 16 16 18 20 19 13 10 19 20 17 13 13 19 15 18 14 14 20 13 17 11 11 16 13 14 16 18 11 14 10 16 17 11 10 20 14 18 15 12 19 14 13 12 10 17 19 10 19 10 19 11 15 13 15 13 19 16 20 14 16 13 12 18 13 11 19 13 15 10 17 15 20 12 13 12 10 18 10 17 11 19 16 17 16 16 11 12 12 20 18 13 14 12 20 14 18 17 19 19 10 10 10 11 19 14 20 14 11 10 20 17 16 18 13 11 11 11 13 19 15 18 16 10 17 11 16 16 15 15 16 10 17 12 15 13 17 13 13 15 11 19 19 11 13 17 12 13 20 17 13 13 11 14 11 15 12 19 15 14 17 19 12
13 20 19 16 13 18 20 13 14 11 16 12 12 17 20 15 17 18 12 19 19 18 14 14 16 11 13 12 10 10 20 17 15 19 14 18 11 17 19 13 16 18 19 20 13 14 17 20 19 14 11 17 18 19 15 18 13 17 15 11 13 15 14 10 18 11 15 10 19 19 12 10 18 15 20 13 20 17 12 13 11 19 12 16 15 20 20 15 19 17 15 14 16 12 13 20 10 16 11 12 15 13 17 16 19 18 20 20 18 11 20 19 12 16 13 13 12 20 11 19 17 18 11 13 13 11 15 11 17 11 15 19 17 11 11 12 15 11 11 12 13 17 10 20 13 10 20 19 15 19 17 13 20 10 13 20 19 18 14 13 20 20 16 13 20 13 19 13 11 15 13 19 16 11 15 20 17 12 17 14 10 11 14 19 14 10 10 14 18 19 10 11 12 15 10 19 19 20 17 20 16 19 13 14 11 11 18 13 15 18 17 10 11 17 15 19 13 12 18 17 13 19 15 17 12 10 16 17 16 15 16 20 13 11 19 19 19 10 19 12 16 13 16 12 18 18 20 18 17 17 17 17 12 14 12 11 12 15 14 20 16 18 11 18 10 19 10 19 19 10 17 11 18 13 11 19 13 18 20 10 16 10 18 15 10 14 17 16 10 11 19 14 14 17 13 20 12 10 12 10 15 11 18 12 11 17 13 14 16 17 10 13 18 16 16 14 10 19 11 20 16 16 16 16 11 13 20 20 11 15 17 17 11 12 20 13 20 20 18 13 12 15 12 10 10 17 12 11 12 16 20 11 19 14 17 20 16 20 13 17 12 10 16 11 10 15 10 18 19 15 20 19 19 16 17 15 20 12 17 13 16 20 14 18 18 11 15 20 17 13 12 15 16 19 18 13 12 10 10 17 16 19 18 13 19 15 15 15 15 13 12 16 12 11 14 13 11 14 18 12 14 16 11 15 10 10 18 10 12 14 12 18 19 17 14 10 16 14 17 20 12 18 11 19 17 10 13 11 14 17 14 20 11 14 18 17 11 11 14 18 17 10 19 15 18 19 10 19 18 10 11 11 15 13 16 18 16 20 13 15 15 12 19 17 20 19 15 12 16 11 17 16 12 15 17 19 20 11 16 10
14 11 18 17 15 19 15 20 19 13 10 18 19 14 20 19 15 10 10 17 20 11 17 18 10 20 20 20 13 15 12 13 17 12 11 15 11 13 17 20 13 18 13 16 12 11 19 15 16 11 19 16 16 19 20 15 13 11 15 16 16 18 19 20 20 15 19 10 17 15 13 17 18 11 12 17 16 11 13 17 20 14 13 19 20 15 10 13 18 12 20 14 20 20 12 11 12 20 17 13 10 17 12 15 15 17 18 16 14 11 18 11 16 20 14 11 20 16 16 13 16 20 20 15 12 20 16 10 15 14 14 18 11 19 11 19 13 13 18 20 13 11 15 15 16 18 13 18 19 18 19 10 15 20 19 16 10 10 16 18 11 10 13 20 16 20 19 14 14 19 11 19 13 16 18 18 20 15 17 14 11 15 18 14 16 11 18 10 11 18 19 14 19 13 15 14 10 20 18 13 16 16 17 16 14 16 20 13 20 12 20 16 20 20 19 17 18 11 12 16 12 15 17 18 11 12 13 19 19 15 10 15 16 17 13 18 15 19 20 17 11 20 14 11 12 10 16 19 10 18 17 12 18 10 13 16 15 13 11 12 20 10 17 11 19 18 18 13 12 18 19 19 16 14 20 13 14 15 14 16 14 19 11 17 11 10 15 19 20 10 18 20 19 11 17 15 15 12 20 18 17 18 11 13 10 17 15 20 15 12 13 15 18 10 20 10 17 19 15 18 20 20 20 16 20 16 18 16 14 16 11 18 20 17 10 15 17 13 14 12 14 20 20 20 18 10 16 19 16 20 19 18 11 18 12 12 15 16 14 13 18 12 11 11 16 14 15 16 18 19 11 17 18 18 12 11 14 15 19 11 15 18 17 18 17 16 13 13 11 18 10 14 11 15 11 17 15 19 11 18 12 10 12 11 15 20 11 12 19 17 17 18 13 17 14 19 13 20 13 15 10 18 16 14 13 18 18 11 19 15 17 15 17 19 18 12 19 18 17 14 18 18 18 14 17 18 20 10 11 18 16 17 10 12 14 10 18 18 17 14 12 11 17 15 14 14 17 12 11 20 16 18 17 16 16 12 12 19 11 14 14 14 18 17 15 18 17 10 17 20 12 10 11 20 19 20 15 11 20 10
20 200
