5
1 2 1488
1 2 1769
1 1 1374
1 1 1437
1 2 1514
500
28614 41585 1342
15730 18309 439
40305 56300 2263
2254 16684 1635
5114 43232 4891
16401 23938 1285
31551 53433 2395
47412 53360 858
18865 47558 2889
40868 53190 1484
43571 48781 702
30228 58653 3372
21135 56362 3987
39382 52261 1827
34308 51160 2923
5890 23463 3261
33880 59549 4904
21641 23538 225
26427 41385 2655
30009 59702 5776
25992 37776 1409
14168 15756 244
23832 34092 1913
20421 54214 4025
20916 47685 3152
2319 5446 343
24525 45730 2855
2288 13087 2106
20628 50930 5060
31147 56025 3794
14657 32021 2628
31016 54313 3777
14302 35999 3848
7192 43823 4919
28198 44997 3281
9048 13094 433
26077 30252 754
10980 52671 4725
31323 55520 3630
20747 45008 2745
784 39183 5540
12828 49613 5742
7712 15152 895
645 44887 5198
16413 55404 4929
13021 54037 5242
8442 30783 3936
54320 57013 375
33954 57490 4599
3398 6294 512
9828 17008 815
16814 30432 1859
23457 49195 5140
2700 33923 4462
18618 58502 5292
6139 37238 3530
27595 34444 896
17296 27652 1123
4648 33335 4416
44093 57225 1769
17075 58297 4843
31044 59943 5771
55230 59590 596
38491 59057 2499
663 14842 2078
19451 50967 5182
8673 49216 5728
49554 59576 1633
208 53293 5972
33534 55396 3883
19529 49934 4147
10824 31879 3457
356 33274 5544
12637 44440 3752
35255 59177 3223
35948 51475 1786
32299 46050 2529
26621 42518 1938
13187 52174 5278
19420 48076 5727
17770 46567 5150
34359 37950 606
22148 23476 137
32089 58381 5218
5968 31459 4166
21030 34428 1696
3295 53956 5982
8178 13163 698
36484 59399 4115
26908 50452 3000
11532 33350 2343
20103 56958 4873
2944 8835 705
41390 59467 3412
23595 24215 67
57057 57231 34
2178 21565 2195
32941 59120 5128
4522 22976 2461
19641 50581 3253
25351 52343 4495
3831 36200 3957
48871 53760 850
19765 48758 4151
4336 26039 3970
9208 17872 1656
10319 38944 3259
5161 37835 5852
18050 38121 2640
2832 40887 4063
31850 59778 2907
9171 13036 725
33682 59297 5122
1590 11998 1624
1680 40853 5068
766 55846 5521
31606 59900 4927
3113 15018 1769
4727 14543 1100
5787 29831 3658
53776 55969 334
20289 47641 3230
37284 51583 2490
18872 57803 5390
17508 34739 1833
13978 46159 5073
10918 53818 5172
22424 52566 3214
14424 26049 1490
43577 55226 1927
10552 10732 30
51688 58395 1157
29015 58490 4264
33952 40363 647
11762 53842 5771
31943 55880 4168
14287 59485 5277
20830 45166 2683
4326 37655 4914
18551 38159 3106
42826 58019 1809
28153 51438 4101
37921 42237 801
17448 51056 5918
49538 59491 1167
31891 59982 5546
4563 46640 5945
11806 13272 287
28006 48944 2723
15541 43627 4976
6837 34459 3178
18956 46746 3487
19240 49277 3974
15532 30419 2785
19423 24810 640
1105 17792 2109
9764 11643 284
24312 28133 447
16320 54947 5534
1481 31378 4240
30432 59342 5317
8284 35719 5244
12789 35401 4324
41359 56287 2902
3943 25734 2252
42190 56306 2796
39415 56992 2871
29883 54932 3145
16662 40322 3826
2213 24704 3704
29210 45346 2524
4109 23064 2068
11169 46701 5867
17430 47199 2994
6785 44194 4763
23438 52632 4606
3597 25326 3152
21233 59177 5857
5477 38637 3339
30673 59481 5161
9350 32448 2488
24256 30767 755
8266 29792 2700
15669 52412 5672
48474 56902 1384
9727 37893 5558
8228 37417 3379
20609 54419 4353
22143 22308 23
33103 56679 4122
51925 59981 1559
19509 32004 1633
27702 37363 1074
17281 26745 968
22427 27262 572
6836 29636 3207
1674 5710 758
7539 15536 1024
35741 49983 1964
22758 57378 3572
35264 55059 2759
28797 43432 2051
35218 50453 2928
35521 56143 3753
35043 59015 4311
16098 27120 1466
9009 17819 1386
31730 59301 3768
4234 10472 742
18961 24739 1078
4970 40193 4788
22507 59641 5498
28922 59576 5482
20656 44650 2769
15391 53811 5920
4700 31534 4761
38986 58055 2399
33946 57094 3135
34547 57312 3193
2927 20730 2721
7774 49550 5183
22303 46818 4012
35904 52350 2552
3103 16334 1999
13547 39766 4332
24890 37519 1460
33252 48443 2463
13050 27551 1600
34434 49442 2160
7377 45020 5249
32749 57758 2852
21297 26880 960
2868 50397 5880
2664 30596 4638
19068 59868 5501
11291 29013 2636
15761 45044 3531
40509 47503 951
22393 52178 4602
31527 59609 5528
35149 48001 2305
11862 59493 5558
2982 20377 3125
19650 43856 4514
26384 39520 2535
920 35010 5416
17026 44830 4674
28049 58140 4975
9309 30602 2724
32450 49536 2798
5084 19074 2693
2139 21592 2541
9543 52346 4630
12430 19902 1459
24008 48042 3238
24780 36952 2056
46043 46569 64
8245 59874 5972
6468 34776 4733
12097 25036 2338
35346 35830 90
12333 45842 5163
19463 47871 4890
23948 30063 881
11812 51763 5048
45168 56845 1509
21786 50120 4540
27570 40046 2235
36056 37186 132
15195 21142 717
35747 36207 55
28871 59441 5712
22284 29790 1481
32104 58044 2714
5769 35557 3103
15881 23636 934
5650 12159 1228
19958 34733 2750
26342 37456 1658
4377 50315 4637
7206 8471 181
32930 33936 121
42680 57084 2037
15275 15470 20
32712 48366 3110
29341 56401 5257
10779 44635 3795
48093 58785 1739
30456 54056 3675
51575 57837 1124
12761 35774 3550
742 34436 4902
28819 58197 4108
30102 58614 5694
19234 21777 323
30097 53322 3395
36731 49318 2022
5183 14082 1426
29174 42526 1987
1383 9102 1065
50645 51629 143
26842 35320 1469
2936 44001 5930
3277 56734 5596
33837 59087 3190
29875 41928 1282
19851 22512 508
37392 56393 3800
15390 48314 5339
11695 30805 2686
4729 36062 5737
21092 46889 4522
27243 32554 625
3254 3460 26
13676 16202 431
11150 20123 1603
20143 42498 3284
24338 45713 2532
12144 41135 3558
46181 55810 1241
17560 33843 2144
4454 4656 35
34108 57959 4677
25064 54181 5121
11505 25244 1478
18132 59663 5564
29834 59355 5439
3562 25057 2237
46526 59689 1623
48053 56219 843
25608 26989 151
23676 57033 4166
8119 17416 990
28109 49594 2433
44556 57649 1320
39878 58691 3644
41788 44077 362
33114 33231 13
23157 42229 2877
4255 40007 4639
4579 49472 5787
20144 22421 356
6377 18175 1700
15793 31407 2048
3703 7227 631
8740 55624 5783
5145 36462 5392
8846 46788 5188
18157 32069 2313
20125 53790 4527
555 11010 1707
10208 19318 1052
21696 59652 3914
23686 58096 5742
19177 58014 5620
6553 27143 2756
3506 12926 1283
13510 27664 2416
40996 56854 1692
38589 47355 1654
11212 53406 5620
15956 43074 3865
22278 58307 5819
10373 26724 2602
15749 23632 1335
39622 53761 2737
21383 46774 4734
38797 59771 4175
8846 35127 3888
27213 50403 2847
5051 9154 587
47171 59921 2521
46281 59227 1330
6706 24692 2128
43441 55670 2351
11313 42017 5820
26031 54728 3800
133 15445 1847
30765 34393 471
14312 19201 777
21943 37955 1963
52011 56466 650
22735 54990 5622
23209 56498 5378
29367 56432 4422
38853 41273 334
7804 42356 4330
19944 27718 1216
5603 9217 621
13095 15321 273
6377 56118 5481
15272 47463 4996
16750 41083 4486
2730 27749 4410
42487 49764 1357
4995 19075 1572
17709 31566 2195
12778 22925 1706
8599 46063 5434
29275 59538 5957
24925 57193 5825
782 22352 2604
16959 40730 4741
10813 39313 5263
17421 35744 2142
33990 48244 2687
2556 34467 5075
33848 56008 4146
24851 40503 2321
41857 44908 608
14775 56238 5744
7461 38809 5816
20353 35471 2682
12323 29634 2147
31121 48589 1755
26544 59077 4771
566 27885 4656
18620 29257 1519
33960 56445 4328
18198 27352 1696
37044 54645 3006
26073 58002 5419
19684 36338 2253
41072 58683 3191
1206 24122 2615
1812 27118 4763
7868 28357 2788
24233 46695 3097
16909 50287 5295
32423 42721 1407
318 1568 240
49207 52211 346
9328 26512 2461
30697 44295 1922
40579 55721 2909
16196 59379 5019
8028 14783 1258
24627 56213 5924
27636 30052 387
18070 35682 2659
12600 47733 4608
43762 58949 2529
51236 58094 695
25528 33265 1265
36705 38572 279
1771 11396 1552
14558 17079 451
27793 54461 2676
39217 57912 3581
30708 59316 5551
5848 10148 634
12114 54057 4477
44192 57095 1684
27475 53559 3156
12508 28855 2355
22653 43285 2199
6730 16465 1386
30138 59309 4965
13505 30951 3032
17181 56649 3956
14390 55676 4522
28958 55127 4909
7951 51295 4872
16427 33962 1795
3731 10441 999
12375 30887 3262
29058 55853 3417
16849 32920 2201
22703 37906 2516
20670 53057 4221
21340 22035 105
19949 49621 3585
15485 31369 2990
17952 43582 4864
54066 59937 1170
3336 46810 4607
44156 46381 264
14552 29734 2299
14318 58834 5520
570 41174 5071
9473 24928 1987
46094 58916 2519
20507 34989 1524
31398 39025 1259
35800 53840 3519
11242 49732 5352
45903 52462 1144
29598 37452 1488
9328 40587 4872
45708 59666 2528
27221 58059 5260
1756 17010 1625
54009 58884 962
1391 29953 3577
29402 58556 4841
22352 38015 2600
5064 40977 4029
9347 29490 3218
30499 53168 2297
4914 13598 1365
14 19 20 11 16 12 11 11 18 18 13 16 14 13 19 19 13 15 18 14 19 18 20 11 13 15 20 12 10 18 19 12 14 20 20 10 18 12 16 12 19 16 20 17 13 18 11 15 15 14 11 15 12 14 19 15 20 11 13 19 10 16 10 14 20 17 12 20 14 15 16 17 14 19 20 10 12 17 13 18 11 12 12 14 13 14 10 16 16 17 19 16 18 17 15 17 13 13 10 19 17 19 20 16 16 19 10 14 17 13 17 12 12 11 18 10 20 16 12 13 12 17 10 15 12 16 12 19 13 10 13 16 17 18 19 15 10 17 20 19 20 17 18 10 20 16 20 14 14 13 19 15 11 15 18 15 14 14 13 19 15 10 18 12 16 14 10 11 20 13 11 19 14 13 13 17 14 11 15 15 15 15 15 16 10 19 15 10 14 13 17 10 15 15 16 14 15 15 10 14 13 10 10 18 15 16 10 20 10 14 20 19 17 14 19 18 18 19 13 16 18 20 10 16 16 11 17 18 12 19 10 15 18 16 12 10 11 17 13 12 15 17 12 16 17 12 19 14 11 15 12 15 19 17 19 18 10 17 12 14 11 20 18 19 11 14 19 11 15 12 19 10 18 17 13 10 13 12 20 18 18 10 18 18 20 16 18 20 10 16 14 15 14 14 15 16 13 11 14 18 14 11 11 12 11 19 13 10 17 15 13 16 19 20 11 14 19 18 19 18 13 12 14 11 12 16 20 19 10 10 15 20 14 17 13 10 11 16 17 19 18 12 12 11 18 19 17 17 17 12 13 19 11 16 11 14 12 15 15 19 10 19 18 13 10 18 19 19 13 17 13 17 13 11 19 12 11 12 14 10 17 13 18 16 14 15 16 15 16 13 17 11 10 18 15 13 14 10 18 16 14 20 18 11 16 16 14 12 11 16 11 19 12 18 16 14 20 12 13 16 17 11 13 19 13 11 14 19 20 14 10 19 17 17 16 19 15 14 13 15 13 18 16 14 20 18 15 20 10 20 16 17 16 13 16 20 20 20 15 19 13 12 19 10 15 20 11 16 17 11 15 19 17 16 20 14 16 18 10 11 14 15 18 18 16 11 18 16 15 10 20 20 12 18 12 19 12 14 12 13
15 10 15 15 13 16 16 20 13 17 12 20 13 10 12 14 11 19 15 20 10 20 11 18 18 19 12 17 14 12 20 12 14 17 20 20 10 13 19 14 10 11 12 20 12 15 20 10 12 18 10 17 12 10 18 19 16 17 18 17 15 11 18 11 19 17 10 16 17 15 17 16 16 19 10 16 12 19 18 17 19 20 15 14 12 17 14 20 15 13 15 17 16 14 12 18 15 18 10 13 19 16 20 13 19 20 15 16 18 18 14 19 10 15 19 18 13 17 13 14 10 17 10 11 11 15 14 10 14 17 11 13 17 15 10 16 13 11 11 20 13 20 18 15 17 16 14 20 20 14 11 10 12 11 11 19 15 15 15 10 11 17 17 19 19 11 15 20 15 10 19 10 19 17 17 18 12 16 17 20 20 18 11 13 20 19 20 15 17 13 16 13 15 10 15 18 10 11 13 14 18 15 11 17 10 20 17 12 14 19 10 10 12 17 13 18 20 15 14 15 10 20 20 11 11 12 20 12 18 10 17 12 10 20 11 20 11 11 11 13 10 15 15 19 20 18 10 10 17 20 13 15 10 14 11 12 13 12 15 13 19 13 14 16 17 10 11 13 13 11 12 11 19 14 17 17 11 15 13 13 14 16 20 19 14 16 15 13 14 12 19 12 20 15 11 20 13 14 14 13 13 17 20 11 11 15 20 17 14 20 14 14 20 13 20 20 17 16 20 18 11 10 17 18 12 18 14 18 20 20 19 11 20 15 10 14 20 10 16 15 15 14 20 14 18 19 17 11 19 20 15 15 17 14 10 13 11 19 15 11 11 12 18 17 14 17 16 12 10 16 10 18 16 16 12 10 10 19 15 16 17 17 12 18 20 20 12 15 17 13 19 13 13 20 12 12 10 19 10 20 20 18 19 11 13 10 15 12 12 12 14 16 18 15 16 11 15 14 16 11 12 17 13 13 14 16 18 10 17 17 11 19 11 13 17 16 15 19 16 15 20 20 10 18 14 16 10 12 20 11 14 12 13 14 12 10 12 10 13 10 16 11 19 12 16 14 16 16 16 16 16 13 10 20 16 16 12 18 18 17 10 13 11 10 18 16 20 11 20 18 18 20 10 16 15 16 10 14 10 11
15 14 17 13 14 11 17 13 10 14 19 12 13 16 13 13 20 14 17 14 12 12 18 11 18 12 18 14 15 20 10 15 13 12 18 18 12 15 16 20 17 15 18 13 20 17 10 11 12 14 13 19 17 19 15 20 14 14 18 15 20 16 19 19 13 16 10 18 16 20 10 19 16 15 20 10 15 11 13 20 20 18 10 19 10 10 15 10 18 11 18 16 12 12 12 14 19 20 17 18 19 15 20 13 17 20 18 14 17 18 14 12 17 20 20 20 16 17 11 18 10 16 15 20 13 12 12 18 14 10 18 12 14 13 12 17 11 18 17 20 19 17 18 19 11 13 17 11 11 10 15 10 12 20 14 11 14 12 12 19 19 16 16 10 11 11 10 17 19 18 11 20 13 12 11 12 13 17 20 17 14 15 12 14 12 18 20 17 15 10 14 20 18 19 13 17 18 17 19 19 10 19 14 10 11 17 10 20 10 13 17 18 18 15 18 13 19 10 17 18 18 15 17 11 18 12 13 17 18 20 12 11 18 10 12 20 11 19 20 14 13 12 19 13 10 11 16 20 17 14 20 17 18 10 10 11 20 20 11 16 19 16 19 15 11 19 10 15 13 13 13 19 12 14 12 11 10 14 14 13 12 18 16 20 17 16 19 12 10 20 13 10 16 11 19 14 14 11 19 11 16 17 13 19 19 18 10 13 20 10 10 10 12 20 12 15 15 20 11 13 17 19 17 18 10 12 19 16 14 10 13 13 11 17 14 15 12 18 14 19 12 18 15 16 11 20 11 10 10 10 17 16 13 20 20 10 16 17 18 19 19 14 11 18 12 13 13 18 17 17 19 12 10 10 13 14 11 10 19 12 11 11 12 10 13 20 19 14 11 18 20 14 11 17 13 13 16 14 17 17 10 10 19 15 14 14 14 17 15 18 12 11 12 11 20 11 16 13 18 11 14 13 19 12 17 15 11 16 16 20 14 16 17 20 10 20 11 16 19 19 16 19 18 14 11 11 19 17 12 14 15 13 18 11 15 19 15 16 12 13 16 20 13 19 12 10 15 14 11 12 14 16 12 17 16 18 11 13 11 12 13 18 11 10 18 15 12 19 19 17 10 15 18 13 17 14 12 14 10 13
10 15 19 16 20 12 17 14 15 16 15 10 13 19 15 14 16 19 13 19 10 13 12 18 11 20 17 12 17 12 11 13 15 18 13 11 17 19 12 20 20 17 20 17 12 16 16 13 14 10 19 12 20 19 18 18 20 15 18 19 14 17 19 14 14 20 12 16 17 17 14 16 17 20 15 19 13 10 14 19 13 13 19 20 16 14 20 13 17 17 12 16 16 12 13 13 13 11 11 16 19 14 19 20 17 12 15 11 19 13 16 15 18 16 19 20 12 16 13 10 10 10 20 12 14 18 16 14 15 20 10 13 17 12 18 18 19 14 13 17 14 10 12 11 19 11 17 16 14 13 16 18 14 20 13 10 18 19 16 16 16 10 11 10 12 16 19 19 19 10 14 19 14 13 11 19 10 18 19 18 14 20 19 10 17 18 18 11 17 10 13 14 11 10 12 11 19 11 14 18 14 20 15 18 17 19 15 14 13 19 13 18 19 11 16 13 16 15 11 16 15 13 13 17 13 16 13 18 10 15 19 19 12 10 14 19 17 15 15 10 10 11 14 15 19 18 19 11 15 14 14 14 20 19 17 11 18 12 13 11 13 13 10 12 14 20 18 14 19 15 15 12 13 15 13 19 18 15 16 19 13 12 19 14 16 15 10 12 20 14 11 17 13 12 15 20 13 18 16 14 15 16 20 10 19 14 17 14 14 19 12 10 12 12 14 12 19 10 12 19 18 16 20 19 19 12 11 17 13 12 14 13 19 15 15 16 12 15 16 11 12 15 16 11 17 10 16 11 16 17 18 15 14 11 17 12 15 16 13 15 20 17 15 19 15 17 10 20 17 17 10 18 17 17 19 15 14 13 16 16 15 16 11 10 17 20 20 11 20 13 18 14 11 14 20 12 20 19 12 10 11 10 18 17 13 12 11 19 17 15 12 17 11 15 15 16 14 19 12 20 18 17 13 20 14 19 15 10 16 17 16 17 18 14 17 18 16 16 18 16 16 15 14 14 13 16 15 13 18 18 13 12 17 10 15 10 11 18 14 13 14 19 10 14 12 10 14 10 19 13 16 14 18 13 17 13 12 18 11 14 12 14 11 19 16 12 19 20 16 20 19 12 19 10 19 17 15 10 20 11
19 13 10 13 20 10 18 11 17 18 13 14 11 11 18 17 12 15 16 18 16 14 11 11 17 18 11 13 12 15 14 15 12 17 12 10 13 14 12 20 10 10 20 19 13 18 12 19 11 16 10 17 16 12 16 17 14 20 13 15 12 19 11 19 15 11 18 11 14 17 17 20 11 14 13 12 17 18 20 17 18 13 15 12 16 12 15 15 19 11 10 10 17 13 14 14 18 12 19 16 14 19 20 18 16 20 14 18 19 11 15 13 16 20 10 19 16 11 20 20 20 20 13 14 19 18 17 14 17 12 14 12 17 12 14 11 20 15 15 16 12 16 16 18 12 20 13 10 16 13 20 17 18 19 18 14 11 18 11 19 10 14 20 11 14 13 19 15 18 20 16 14 16 20 18 14 16 15 14 13 20 11 16 19 20 19 19 11 16 13 19 10 11 14 17 16 12 13 16 12 12 10 10 14 20 20 20 17 10 12 17 20 17 14 13 14 19 14 10 15 14 15 16 16 14 20 17 14 10 13 17 18 18 20 16 11 18 11 18 18 14 16 18 13 12 15 19 11 13 19 13 14 19 18 15 13 18 18 15 20 16 10 13 19 16 20 12 11 13 11 17 14 13 10 20 15 12 14 18 19 14 16 18 17 17 15 16 10 19 11 10 16 12 16 17 18 11 14 19 20 12 17 18 13 16 15 17 18 16 20 13 12 20 14 10 18 13 20 11 18 14 11 13 12 20 18 12 20 13 20 12 12 18 18 16 10 11 12 10 20 16 20 10 20 18 19 10 20 19 15 20 11 15 17 17 20 18 18 13 13 14 12 16 16 19 13 19 14 17 13 18 20 13 12 18 12 17 20 11 11 19 15 10 14 13 15 17 16 19 12 13 10 15 14 15 15 13 19 11 12 15 15 16 11 12 18 16 10 10 20 15 10 19 11 14 14 11 17 20 18 12 19 16 10 13 11 19 14 12 16 12 11 18 14 15 12 12 17 16 18 19 14 17 15 18 18 19 12 18 10 17 14 12 14 16 17 13 14 20 20 18 15 16 16 16 11 12 12 19 10 18 15 19 12 20 14 18 18 13 11 20 16 18 16 17 17 17 19 16 11 14 10 15 17 13 10 11 15 10 11
20 200
