5
1 1 1315
1 1 1774
1 1 1735
1 1 1807
1 1 1717
500
17458 47526 5545
2211 58308 5735
16416 38589 4226
35881 45049 302
41568 48795 1343
30294 52406 987
27612 58790 5802
21954 36520 242
32840 51657 2807
21134 36970 892
20708 59851 3236
14369 48806 4453
25306 59450 4591
28209 43845 333
28319 50969 2909
1462 33243 5293
17311 50962 2882
12588 50404 5656
25170 59529 1657
5248 31683 3041
20904 45103 4322
8281 59882 5228
19832 55178 3878
17665 53217 5006
15681 25742 500
44959 56826 2051
16392 45300 4312
49465 55674 728
435 57350 1525
32982 54736 3138
4771 28000 4126
33707 55908 1913
9626 26473 1957
16831 45756 2096
28803 41915 814
25308 56598 4666
34183 58015 2979
4385 24228 94
44393 49732 564
22320 49466 2779
1603 58454 2178
15475 48196 4302
12711 44697 2878
32796 41705 988
53512 57300 292
32360 54266 3808
32664 53254 1689
5714 32221 4135
51091 55178 225
24763 43292 3690
24877 41290 856
41883 50456 809
48438 57155 500
33470 43762 1075
9633 46959 4199
36153 57426 3469
9830 39012 2259
14323 40011 3251
2383 52886 3456
4187 46191 3846
6366 56388 5617
5288 52505 3433
16239 41491 4751
10536 59169 3230
13000 49114 3758
16845 59277 5081
41322 49935 777
20192 54124 3438
26948 57120 5053
33076 59291 5016
6005 35502 4933
11028 56533 5629
37085 58428 3745
12828 31202 1215
16530 50229 4789
1100 36791 3675
21353 46878 3511
13341 36257 4266
7455 54428 3960
13366 55674 5920
19827 41314 4048
12642 40818 5398
23210 44679 891
31881 53689 3161
2520 23258 3894
10962 41882 4682
18506 49970 1364
10301 36563 3449
28363 36223 826
23971 39334 2741
4788 50536 5858
16885 46965 4703
31071 44636 123
17055 50461 5795
47445 59544 1182
13012 52411 4928
13642 34912 3698
26978 39899 1221
39794 51675 1456
8264 57436 5511
9 52643 5296
10102 44354 3992
42662 53608 814
6853 55051 5921
9393 50862 2471
37002 57883 1584
14439 44041 1239
20647 52489 4458
14281 31614 2738
35437 55219 2856
23054 55856 1767
17419 55932 4658
39274 56212 2771
21918 44470 4485
12467 59551 4611
17041 48308 1852
20303 50726 5489
11134 29762 2379
4495 37600 5040
24662 48172 3698
34039 57051 2331
25436 46477 2506
13688 50489 1176
27856 44472 1694
43019 54661 328
20712 56442 4979
26549 58587 3999
5470 58855 759
628 33365 2328
17110 54823 5007
11775 48763 3602
43732 56227 1526
866 23497 1668
25785 55785 1773
34017 49401 704
15685 49282 5295
28111 57048 5664
24651 56815 4186
39026 55591 1926
7611 37247 2210
11156 46967 2964
1406 52147 2764
44927 52887 413
22131 55508 4317
39976 52442 2177
9935 32745 401
19940 59127 5516
18344 56388 4038
35135 44959 614
22054 49857 3355
17397 54465 3411
5624 19628 1963
39826 54390 503
14173 48521 4120
30148 59464 601
17744 48218 4876
19235 51650 3741
29972 46947 1866
456 46241 1703
18054 54347 4568
24852 54078 3846
22094 55508 1969
43843 54373 1036
4590 50066 5873
31837 44076 1616
4260 37299 4551
37786 57136 173
1982 44618 3520
25744 58415 3908
21070 51944 5624
11188 42357 3520
24657 44625 2666
33606 54933 687
31676 53554 940
16428 56272 3588
29280 57418 4261
2025 19195 2876
45679 46059 29
13897 50947 4561
27857 55322 5304
5968 40556 3945
32187 53427 2143
28573 44592 2966
42461 58672 2240
20819 40194 3832
19408 36312 1599
21236 37728 2598
10794 55628 3538
226 37036 1760
17274 44182 1348
3398 35431 5844
21603 45715 2548
12010 41122 5406
19541 55766 4124
6205 48871 5765
27652 52414 4148
22643 54180 3878
14723 41540 1206
80 33643 4580
31233 52313 2936
53231 58550 397
13604 56642 784
1463 53909 5094
47589 59894 2247
24368 52811 2748
456 41185 4197
8965 59033 2438
45856 57326 2228
2045 22884 578
45898 57870 1473
1979 53632 5207
47403 50046 213
34705 59880 2588
30618 59841 4513
6471 37216 3320
39782 42791 437
15409 44463 1407
7007 40273 3836
32456 50614 2236
23607 52422 4865
42387 55010 1465
555 35241 4179
7266 54939 1464
7370 55222 4615
7387 19604 2169
4125 42243 5432
18753 34464 1860
20663 54051 5640
48550 52272 431
26872 57713 1290
3594 35961 1943
6199 58049 3447
9254 18256 946
4382 57379 3323
39616 57615 3156
22981 58308 1963
21437 46731 2695
28631 50029 3375
3210 41235 5788
47310 57666 527
156 23510 3668
24636 33116 957
680 45218 5014
3408 52777 947
35215 48030 1791
20299 54595 775
16473 47922 2987
18424 45840 1003
25216 50303 3913
36040 59727 4603
12558 37489 4546
15924 39520 3021
14986 21915 897
9483 29020 49
19562 42518 3394
43523 55044 1291
14876 45376 2466
25076 42516 2923
27220 52087 4145
37334 54336 3175
36832 55999 3025
10354 52313 3598
29301 51922 669
7967 33599 3593
5205 29487 1847
11773 58596 871
32972 44650 552
6454 22944 46
2983 40718 4279
15376 48092 5619
38702 59704 3550
9963 43298 5454
7561 48965 5052
24984 58900 5032
22492 55858 5710
3054 46197 5830
9595 25997 2119
16199 20631 660
5026 51011 2695
6433 37000 5263
29137 52444 4050
6289 31682 4243
22159 58974 1079
23223 36803 1937
3208 53344 5116
29858 56963 3995
28532 49493 3681
2938 50606 4128
32097 48841 1872
27439 51748 4327
443 27230 1730
12844 50166 3967
34583 44258 1007
21664 54214 4493
47913 54813 387
43387 59675 987
25079 49792 2038
31905 49496 2007
5230 12170 810
3861 59396 5178
3016 34530 2308
4792 8366 531
24059 35208 49
8249 28234 1926
9003 56507 5184
29 28143 5591
20392 59290 3813
19348 44502 2744
12446 53161 5600
42683 52413 1018
40964 56683 1521
4811 43448 3761
3324 41090 4992
12693 55150 2866
39070 51253 2050
11115 40964 4013
42388 59379 2092
20839 56379 5459
32926 53722 3311
27428 58079 3876
923 33615 1905
16964 48376 4631
4410 52910 5452
37417 47845 807
8819 34879 1755
40990 48602 1071
22146 38913 311
22564 58666 4908
36101 58760 4222
3267 38233 3950
14779 45913 5050
6026 51042 2306
7361 47026 5118
23611 59139 5164
5781 56380 1925
6075 32436 2596
19528 43411 4007
13858 38327 3619
13961 58229 5105
33257 42435 421
14942 53149 1845
37631 59848 1160
11275 49787 121
21015 54530 4181
35658 51509 633
20690 55699 4694
46198 56498 467
8005 37908 5142
2567 42709 3924
38596 59503 3114
21526 50074 3657
6876 59745 549
25964 46422 1265
58280 59379 190
29407 53201 4011
10920 32712 4097
29188 50915 2795
9468 46853 2878
10318 28044 2137
45317 56614 2123
40870 59285 3377
14535 52567 5590
9399 59996 5980
18708 56553 4205
3708 32623 4476
3340 28182 3717
15011 23867 844
29022 58397 3187
52886 55653 26
20904 56822 1972
15273 42096 4840
16987 50802 5949
23036 56338 5826
27023 47316 4053
1238 46124 953
27443 56558 2974
30369 52795 1924
6556 39969 4330
37207 59307 1606
27373 57882 5539
9304 50255 3745
5611 50140 1372
32631 46016 83
36740 51634 1929
22458 48057 4769
30680 44419 472
7362 16475 1674
25388 59172 4398
10570 37995 4091
2028 42913 3053
26587 54865 3589
15943 56013 2720
37827 46799 902
11249 36054 4868
1177 37871 4447
40322 57721 1385
8212 30943 2723
35225 59957 1458
20414 47220 1062
17877 54360 3025
8076 43308 5000
555 20845 3899
6221 29346 1835
53006 59763 936
15136 28184 1620
16712 51533 3198
3113 43419 3247
29624 54831 4948
9101 43271 5601
32314 53377 4109
14968 40528 3950
3760 52096 5883
2522 54224 3180
43306 58437 2952
26715 54548 5503
16921 53962 3493
7853 23068 1551
28791 58353 2719
47837 55271 101
19435 52884 5476
6917 36911 3477
46551 57651 367
15190 53563 1255
13987 48632 2486
28307 57503 4355
25592 51597 1382
30486 56296 1191
52751 56543 190
9549 53973 4156
19302 56640 1687
959 40641 2966
13889 51708 2443
29158 50773 3869
35365 56114 3454
30852 49088 600
8851 42547 4532
19352 52936 5260
34767 56972 325
26752 57011 4546
12502 38140 657
36980 59898 2800
4336 33871 2609
12852 36217 3765
14760 43851 1966
19244 58102 5357
13625 48320 5820
5033 33633 4253
20486 50197 5499
17509 41992 1723
5535 41861 407
30808 59000 3160
30092 52996 1760
22357 54819 2755
9886 58768 5034
17330 55612 5584
36192 54588 2865
24989 55833 5711
40761 57415 486
40142 51340 752
22056 55534 4174
5094 46758 1005
27266 35775 1169
7369 33700 4972
408 53803 97
1393 44993 5460
11129 40766 5882
24230 58068 5462
38636 56280 777
5633 35356 5221
44561 57649 1246
43664 58298 1576
23604 35253 793
7470 38603 5625
4252 33713 4423
16926 50781 4505
593 43784 2089
26377 36344 1148
36193 56425 3313
5170 21810 2483
3269 14285 1853
7252 30212 2764
30149 59851 3989
9495 25841 2712
16297 50635 2942
21945 40524 3620
40589 58916 1464
13655 54836 985
422 36542 3448
3 32673 2137
43190 56654 29
11314 30980 2473
21303 56101 5906
46845 56682 498
18028 59997 5838
25672 39946 1703
5400 51687 4672
10371 54628 528
20409 47947 5211
35048 57022 3259
16831 43505 999
10 10 20 19 10 15 11 12 11 19 12 16 19 19 20 12 12 20 17 15 20 18 17 16 16 20 13 16 20 14 10 18 11 17 12 16 17 15 12 20 13 12 20 12 17 12 20 15 12 11 17 13 17 20 17 19 16 15 11 10 14 17 19 18 19 11 14 12 10 13 13 11 13 16 10 16 17 11 12 18 10 18 12 15 11 13 19 18 10 20 15 19 20 19 19 15 15 16 14 12 20 19 14 10 10 10 16 16 14 11 10 12 13 19 11 18 19 17 12 17 15 12 17 13 18 16 16 11 10 11 16 11 16 14 11 20 10 10 11 13 19 11 14 14 15 15 16 11 10 12 20 20 11 11 19 11 19 17 10 13 10 12 15 12 14 16 17 18 16 17 11 17 19 16 15 14 15 13 20 20 16 14 13 15 11 16 10 16 10 20 10 10 19 11 14 19 17 16 20 17 19 14 12 10 19 19 16 15 15 15 16 18 20 18 19 15 10 11 14 10 16 13 13 20 16 18 20 12 18 15 18 15 14 18 17 16 15 14 17 17 14 17 16 20 12 13 13 13 18 14 18 12 12 12 16 17 16 11 20 14 11 13 16 20 14 16 18 11 12 14 16 15 10 10 12 19 12 19 10 13 19 13 18 18 19 13 12 17 17 10 16 12 10 13 12 14 15 16 16 19 10 13 11 13 16 17 11 11 11 12 13 18 15 11 10 17 19 10 15 19 18 18 20 17 10 20 18 10 16 13 12 10 20 13 18 18 20 17 17 11 14 16 20 15 16 15 11 15 20 20 11 15 19 18 20 14 18 12 17 13 13 19 12 10 18 10 12 11 19 12 20 18 13 10 14 16 19 10 12 13 12 15 14 10 13 18 14 12 16 11 12 16 20 14 13 18 13 15 17 11 17 17 15 14 18 18 15 12 17 17 10 17 20 13 12 19 14 16 11 20 14 15 10 15 17 14 14 10 11 12 13 18 11 11 13 13 19 15 13 10 10 19 10 20 20 19 11 15 15 15 13 15 15 15 17 16 12 12 14 14 14 11 13 19 11 15 19 18 10 17 18 19 15 13 12 17 11 17 15 17 16 17 16 20 20 15 10 12 13 13 18 15 11 16 15 15 15 19 11 18
19 14 10 11 18 19 19 20 14 19 13 20 18 10 20 15 11 20 13 15 20 14 16 15 18 16 13 11 20 10 15 19 10 13 16 18 17 18 11 10 20 11 20 17 13 12 19 18 19 15 11 10 15 14 19 12 19 13 19 19 16 18 15 16 17 16 17 12 18 17 15 19 15 12 13 11 10 19 19 14 15 19 13 20 13 17 18 20 17 13 18 17 15 18 10 10 11 15 12 16 11 20 18 14 20 17 19 10 17 18 13 14 10 12 10 11 13 18 11 19 12 17 17 17 19 19 17 18 12 19 15 13 18 18 13 18 18 17 16 17 18 17 19 15 19 12 17 13 20 13 11 16 10 16 13 20 14 16 11 15 15 15 10 15 10 19 19 20 14 12 10 12 20 17 15 19 11 15 19 19 15 15 17 15 20 15 19 18 16 20 10 16 10 14 14 13 16 15 14 16 18 17 18 20 13 19 14 17 13 11 16 18 13 11 17 16 15 11 20 15 10 19 14 20 10 14 10 19 10 10 18 13 12 13 13 12 13 20 19 13 10 19 15 17 11 16 18 13 11 11 15 11 15 17 16 19 20 18 10 18 16 12 17 11 13 12 11 18 12 16 20 13 15 15 13 13 12 13 13 20 12 12 16 13 16 12 18 18 19 10 17 10 16 12 12 10 18 16 17 13 11 17 10 17 10 13 19 11 15 12 15 14 12 16 16 17 16 19 11 10 15 20 11 14 15 19 11 17 16 16 18 12 20 13 20 12 11 11 11 16 13 13 16 16 12 13 18 13 14 15 12 13 19 11 12 10 15 15 16 13 10 14 19 14 10 16 12 18 10 13 19 20 15 20 19 16 16 10 15 10 14 17 11 19 16 18 13 17 10 19 20 17 16 11 15 15 15 12 14 19 12 15 13 13 19 18 18 17 20 17 18 19 17 19 19 17 15 12 19 19 11 16 13 20 16 12 19 20 14 13 13 13 13 17 15 13 10 16 15 15 11 10 13 20 13 19 12 12 16 17 10 10 10 16 14 11 11 16 13 12 15 12 16 20 15 15 10 11 11 20 10 19 12 19 14 16 14 15 20 19 19 14 14 10 11 16 16 14 18 10 17 20 10 16 15 13 12 19 20 13
16 15 16 11 11 17 15 18 19 17 19 12 10 17 13 10 19 17 11 12 14 20 20 15 19 12 13 13 12 18 16 17 19 16 11 12 13 13 20 15 13 10 19 10 13 15 14 17 11 15 18 20 10 10 18 17 17 11 11 13 16 18 17 16 17 19 11 15 13 19 15 11 18 15 19 16 17 13 20 18 19 18 19 19 12 13 18 11 19 12 19 11 19 11 14 13 14 10 10 18 15 10 17 19 10 14 19 20 10 19 11 20 12 13 20 15 15 18 11 13 19 13 15 20 14 15 16 20 17 18 17 18 11 12 20 19 12 17 12 14 18 17 15 18 17 13 13 15 12 13 14 12 17 20 12 18 10 12 14 15 15 13 14 10 13 10 17 14 19 20 12 12 15 13 16 13 13 15 20 15 12 19 11 10 20 12 19 14 13 13 19 12 17 12 17 13 12 18 20 14 16 18 12 17 14 11 18 17 20 10 20 16 10 14 13 19 20 20 14 12 10 14 10 11 16 16 10 10 10 13 20 17 13 13 20 17 18 10 14 15 17 12 10 15 12 18 20 13 12 10 20 18 18 19 15 17 15 11 10 20 17 19 19 19 14 14 15 15 19 16 19 18 13 18 11 19 16 12 11 19 17 17 19 16 20 15 17 17 16 20 19 10 11 15 15 19 14 10 10 17 10 17 14 17 14 11 15 19 17 20 10 17 19 17 20 20 16 17 13 11 19 20 20 14 14 18 10 20 20 20 16 13 13 19 20 16 20 16 17 10 12 19 13 12 16 16 15 16 16 16 18 12 20 18 17 11 13 18 18 15 10 11 11 16 13 20 19 10 16 11 18 19 12 12 18 20 19 10 13 20 20 11 15 13 18 10 16 15 17 10 11 13 14 17 18 12 18 12 10 10 17 11 17 11 15 17 18 14 14 15 19 20 17 18 10 13 14 12 14 18 17 17 17 17 11 11 13 17 12 12 13 16 12 17 11 11 12 12 18 14 18 17 17 15 19 11 16 19 13 19 12 11 13 16 17 13 14 12 12 16 16 10 13 10 13 16 20 10 19 11 19 20 12 18 20 10 20 14 15 15 11 15 14 18 18 13 14 19 14 15 18 14 16 14 14 10 15 19 20 19
11 19 10 15 15 19 14 18 14 14 16 19 14 16 19 20 11 12 17 17 18 20 11 15 20 20 17 16 20 17 16 12 10 10 17 20 19 19 14 10 10 10 20 15 15 20 16 17 10 13 20 13 19 13 17 17 13 13 12 10 17 20 13 19 15 10 18 13 13 16 11 17 15 17 10 10 18 18 14 16 18 12 19 11 19 11 20 10 15 17 17 19 14 17 16 18 14 14 14 15 14 17 19 12 16 12 15 10 15 12 17 18 20 12 14 18 11 11 11 13 10 13 18 12 11 11 17 11 13 14 17 13 14 13 18 15 20 14 20 11 14 12 14 19 19 20 15 16 20 12 12 15 11 14 14 13 16 12 15 17 19 19 17 16 14 11 18 17 14 16 19 11 14 19 20 16 17 11 10 10 16 18 20 11 18 12 19 10 11 18 20 18 19 19 12 17 17 15 11 12 18 10 13 17 18 16 13 13 13 17 12 18 14 16 18 13 17 16 11 18 10 20 17 20 14 11 15 11 19 12 18 20 13 16 13 15 12 12 12 16 20 13 17 13 16 15 14 18 16 19 10 12 15 17 17 17 17 19 12 16 15 14 19 18 16 15 14 20 15 17 15 15 13 10 18 19 20 18 13 19 19 12 19 17 17 17 13 16 19 16 12 17 18 12 19 16 17 17 11 19 10 18 15 20 14 13 11 15 17 20 14 13 10 19 20 19 11 17 12 10 10 16 20 15 10 15 20 11 20 16 16 19 10 11 17 15 14 17 20 11 13 13 20 17 15 18 10 15 20 14 17 20 17 12 13 13 16 11 20 10 18 15 10 11 13 20 19 16 10 14 12 10 14 11 18 14 18 16 12 12 19 16 20 13 12 13 14 16 15 20 19 18 19 10 11 12 10 13 16 11 13 20 14 12 20 18 20 17 15 15 15 18 19 16 10 11 19 11 15 17 18 10 15 12 14 20 16 15 14 16 13 19 18 12 11 13 13 13 14 13 20 18 15 18 13 17 10 12 20 19 19 16 19 15 14 12 13 10 20 18 15 11 20 10 16 18 11 17 19 15 19 19 13 11 20 12 18 17 15 12 20 16 18 10 11 20 12 16 11 12 14 18 15 14 18 13 16 15 13 13
19 14 13 11 20 20 13 20 13 17 15 16 13 18 17 15 11 15 16 12 16 15 11 19 13 17 19 13 10 18 13 15 17 19 14 15 16 18 18 18 14 18 20 15 11 12 17 12 19 17 16 11 11 19 13 11 15 16 20 17 12 11 14 10 20 12 17 16 17 10 13 16 16 10 20 20 19 18 20 14 10 13 11 14 10 14 14 20 11 11 10 10 20 18 18 10 14 15 19 17 12 15 16 14 19 11 20 18 11 10 13 17 16 16 12 10 13 19 11 14 14 11 12 16 15 10 20 12 11 12 16 14 11 19 15 20 20 19 10 10 17 14 19 15 17 16 20 14 15 10 17 20 19 15 15 18 12 12 16 12 17 15 14 16 13 10 10 19 13 13 19 19 18 19 10 19 20 16 10 10 15 19 10 16 15 18 14 15 12 16 15 12 16 10 18 17 20 10 16 13 13 17 13 15 14 17 13 13 18 12 17 15 14 11 14 14 18 11 13 14 11 17 18 19 12 17 11 17 15 15 13 19 13 15 11 10 16 20 20 16 10 14 13 20 18 14 13 16 18 20 15 19 18 15 15 15 12 18 18 20 13 19 11 12 20 14 19 19 11 15 15 15 20 10 20 17 15 15 11 16 16 11 20 11 15 13 12 19 17 15 15 18 20 16 11 18 17 11 10 12 19 19 13 10 16 14 10 20 10 19 17 16 10 15 14 11 11 16 14 18 19 19 19 11 19 17 16 12 19 16 10 18 20 12 14 15 20 14 11 13 15 16 11 11 15 18 16 19 10 15 12 11 20 13 13 16 15 18 20 19 12 13 17 16 20 12 18 14 18 18 15 17 10 15 18 11 12 12 20 15 20 14 19 16 20 12 18 15 16 15 10 12 12 12 18 18 20 11 18 18 16 14 15 20 12 17 14 11 18 19 13 19 13 15 13 11 13 11 13 11 20 19 13 10 17 19 19 18 17 20 17 13 18 17 13 18 19 19 12 17 19 20 11 11 17 16 14 13 15 11 14 14 13 14 15 16 14 15 19 16 17 16 19 20 16 12 10 13 15 13 11 14 13 18 19 12 18 12 17 14 12 20 13 18 16 15 18 10 12 15 11 15 20 18 11 14 17 12 11 11
20 200
